The number of factories:
2
The number of jobs:
20
The number of machines:
3
The number of vehicles:
4
The number of workers:
2

The factory where machine i is located:
1,2,2

The vehicle which belong to factory 1:
1,2,3
The vehicle which belong to factory 2:
4

The processing time of each order processed on different machines:
(where rows denote orders: 1 to 20 and columns denote machines: 1 to 
3)
20,40,20,32,35,31,27,32,29,20,39,32,39,29,36,35,34,26,34,24
31,33,20,26,30,37,21,36,35,21,28,35,27,39,27,37,31,23,40,31
35,38,33,36,22,25,24,24,25,31,33,36,24,38,20,35,37,22,25,26

The coefficient of each worker on each machine:
(where rows denote workers: 1 to 2 and columns denote machines: 1 to 
3)
0.75,0.75,1.5
0.75,1,1.25

The unit processing cost of machines:

8,8,7

The unit idle cost of machines:

2,5,5

The distance between each location:
(where rows and columns denote locations from factory 1 to customers)
0,33,34,145,48,138,85,70,68,120,47,36,23,85,85,107,81,10,38,90,114
33,0,25,159,76,142,118,61,49,141,21,53,34,61,116,129,99,41,62,120,97
34,25,0,134,61,117,114,85,34,119,19,66,17,52,102,106,75,35,72,105,81
145,159,134,0,106,43,154,214,134,41,148,177,127,146,103,48,64,136,173,99,127
48,76,61,106,0,110,66,117,88,75,80,74,44,107,41,62,43,38,67,44,121
138,142,117,43,110,0,170,202,107,73,127,173,116,115,123,72,68,131,172,121,89
85,118,114,154,66,170,0,129,147,115,131,81,98,166,51,106,103,80,68,56,186
70,61,85,214,117,202,129,0,108,191,80,49,87,115,149,178,151,80,61,155,154
68,49,34,134,88,107,147,108,0,129,28,99,50,19,128,118,87,70,106,130,48
120,141,119,41,75,73,115,191,129,0,136,148,108,145,63,13,43,111,142,59,138
47,21,19,148,80,127,131,80,28,136,0,73,35,40,121,124,93,51,81,124,76
36,53,66,177,74,173,81,49,99,148,73,0,59,113,102,136,113,42,13,107,147
23,34,17,127,44,116,98,87,50,108,35,59,0,68,85,95,66,21,61,89,93
85,61,52,146,107,115,166,115,19,145,40,113,68,0,146,134,104,87,121,148,40
85,116,102,103,41,123,51,149,128,63,121,102,85,146,0,55,59,76,91,6,156
107,129,106,48,62,72,106,178,118,13,124,136,95,134,55,0,31,98,129,51,129
81,99,75,64,43,68,103,151,87,43,93,113,66,104,59,31,0,72,109,57,103
10,41,35,136,38,131,80,80,70,111,51,42,21,87,76,98,72,0,42,80,113
38,62,72,173,67,172,68,61,106,142,81,13,61,121,91,129,109,42,0,97,152
90,120,105,99,44,121,56,155,130,59,124,107,89,148,6,51,57,80,97,0,157
114,97,81,127,121,89,186,154,48,138,76,147,93,40,156,129,103,113,152,157,0
The distance between each location:
(where rows and columns denote locations from factory 2 to customers)
0,22,44,178,98,158,137,54,56,162,30,64,56,61,138,150,120,62,76,142,101
22,0,25,159,76,142,118,61,49,141,21,53,34,61,116,129,99,41,62,120,97
44,25,0,134,61,117,114,85,34,119,19,66,17,52,102,106,75,35,72,105,81
178,159,134,0,106,43,154,214,134,41,148,177,127,146,103,48,64,136,173,99,127
98,76,61,106,0,110,66,117,88,75,80,74,44,107,41,62,43,38,67,44,121
158,142,117,43,110,0,170,202,107,73,127,173,116,115,123,72,68,131,172,121,89
137,118,114,154,66,170,0,129,147,115,131,81,98,166,51,106,103,80,68,56,186
54,61,85,214,117,202,129,0,108,191,80,49,87,115,149,178,151,80,61,155,154
56,49,34,134,88,107,147,108,0,129,28,99,50,19,128,118,87,70,106,130,48
162,141,119,41,75,73,115,191,129,0,136,148,108,145,63,13,43,111,142,59,138
30,21,19,148,80,127,131,80,28,136,0,73,35,40,121,124,93,51,81,124,76
64,53,66,177,74,173,81,49,99,148,73,0,59,113,102,136,113,42,13,107,147
56,34,17,127,44,116,98,87,50,108,35,59,0,68,85,95,66,21,61,89,93
61,61,52,146,107,115,166,115,19,145,40,113,68,0,146,134,104,87,121,148,40
138,116,102,103,41,123,51,149,128,63,121,102,85,146,0,55,59,76,91,6,156
150,129,106,48,62,72,106,178,118,13,124,136,95,134,55,0,31,98,129,51,129
120,99,75,64,43,68,103,151,87,43,93,113,66,104,59,31,0,72,109,57,103
62,41,35,136,38,131,80,80,70,111,51,42,21,87,76,98,72,0,42,80,113
76,62,72,173,67,172,68,61,106,142,81,13,61,121,91,129,109,42,0,97,152
142,120,105,99,44,121,56,155,130,59,124,107,89,148,6,51,57,80,97,0,157
101,97,81,127,121,89,186,154,48,138,76,147,93,40,156,129,103,113,152,157,0

The weight of orders:
14,17,17,14,17,13,12,13,14,16,18,11,12,10,11,15,13,13,14,12

The unit tardiness penalty of orders:

9,7,9,8,8,8,9,7,8,6,8,9,8,10,8,7,9,8,10,7

The due date of orders:
171,140,723,531,662,495,304,366,185,252,117,671,721,474,164,507,437,366,256,658

the loading and unloading time of each order:
4,4,4,4,4,3,3,3,4,4,5,3,3,3,3,4,3,3,4,3

The sequence dependent setup time of each job processed on machine 1.
(Where rows denote jobs: 1 to 20 and columns denote jobs: 0 to 20.For example:The value of Sijk is in row j,column i+1.)
18,13,15,11,15,15,19,20,17,19,15,18,20,20,15,16,20,16,11,11
11,13,17,13,17,14,14,13,15,15,10,16,14,11,17,20,10,14,20,16
10,12,11,17,11,17,11,10,17,18,17,14,18,11,11,11,15,10,12,18
12,11,11,13,15,19,16,19,10,19,12,15,16,16,17,16,18,10,14,10
18,15,20,13,20,20,16,12,20,10,12,11,17,13,20,12,10,18,18,13
18,11,12,18,11,12,15,11,14,15,19,16,10,14,11,18,10,20,16,15
16,10,10,16,14,19,15,20,19,10,10,15,13,19,16,16,11,14,12,16
20,16,10,20,14,17,14,11,20,19,10,10,20,17,14,16,14,10,10,19
17,20,16,10,11,10,18,15,14,18,19,11,12,17,18,18,10,12,13,19
15,18,14,17,12,14,11,19,20,19,11,16,16,19,19,10,16,16,11,10
15,17,14,12,19,20,13,17,14,12,19,16,11,14,10,11,19,18,15,10
12,16,11,11,17,13,10,12,10,16,19,19,14,16,12,12,11,20,16,10
11,15,20,18,18,14,17,12,18,11,11,12,15,11,19,19,16,14,13,10
14,13,19,14,15,15,19,12,15,17,19,19,19,16,18,18,19,12,10,11
17,15,16,17,10,12,11,19,16,10,20,11,16,16,14,15,16,18,18,18
10,20,13,20,17,20,20,12,19,17,20,17,20,12,18,11,16,11,16,20
16,16,17,12,19,13,19,18,15,11,16,19,16,17,18,10,20,14,18,10
18,19,12,16,19,10,12,20,10,14,13,13,20,14,17,10,14,10,14,20
20,15,10,10,10,19,12,15,11,14,14,12,19,18,16,11,17,10,19,12
15,10,18,16,12,19,11,10,12,18,19,11,12,16,11,15,16,18,17,10
11,18,19,19,16,13,10,15,11,10,18,15,13,12,20,15,18,15,20,20

The sequence dependent setup time of each job processed on machine 2.
(Where rows denote jobs: 1 to 20 and columns denote jobs: 0 to 20.For example:The value of Sijk is in row j,column i+1.)
10,15,19,19,12,17,13,15,18,18,15,17,11,12,10,18,10,19,19,12
10,16,15,19,16,20,12,10,16,12,14,11,16,11,16,13,15,18,10,15
15,17,20,10,15,10,20,17,17,11,13,12,17,13,20,12,13,14,10,20
19,10,19,17,16,13,10,16,13,19,11,20,18,10,16,15,19,20,10,11
17,16,14,13,10,17,15,15,20,12,13,18,13,15,12,17,15,11,10,10
17,18,12,17,17,12,18,14,17,18,13,17,15,10,14,16,20,12,10,17
12,10,19,14,14,20,20,10,16,20,18,13,17,14,17,20,14,12,11,17
20,15,19,14,10,19,20,14,14,18,20,12,12,20,19,12,10,13,15,11
11,13,20,18,11,20,20,11,20,14,17,16,13,15,20,16,17,20,20,11
12,12,13,10,16,12,16,13,17,13,16,16,17,14,17,13,11,13,13,19
12,10,18,19,18,19,11,13,14,11,10,16,10,18,18,10,20,15,20,12
19,13,16,19,15,17,11,13,14,13,20,20,20,13,14,13,17,19,15,14
16,13,15,16,10,11,14,18,15,17,16,18,16,17,20,16,12,10,10,18
19,17,13,18,18,13,20,12,11,10,15,13,12,12,14,16,15,20,14,15
13,19,14,13,19,15,14,11,13,16,14,10,14,17,11,11,12,11,10,11
20,17,17,11,13,19,18,17,16,16,18,19,15,20,20,15,13,14,19,20
18,16,12,16,12,12,17,16,18,17,14,17,15,20,18,18,14,13,15,11
11,18,18,20,11,15,16,12,14,11,18,14,14,18,14,10,14,19,18,18
16,16,12,19,12,17,14,13,13,11,15,19,10,16,14,18,15,11,12,16
16,16,12,16,19,11,20,14,20,14,10,12,18,20,13,19,12,10,19,11
13,14,10,17,20,17,18,12,15,10,19,10,17,18,15,14,17,15,10,16

The sequence dependent setup time of each job processed on machine 3.
(Where rows denote jobs: 1 to 20 and columns denote jobs: 0 to 20.For example:The value of Sijk is in row j,column i+1.)
11,10,19,15,19,10,14,10,17,10,12,11,12,15,13,12,11,15,10,14
17,20,18,16,20,18,10,19,19,17,10,19,16,15,10,19,15,12,13,13
20,17,18,16,14,10,17,17,12,18,13,18,16,12,15,13,20,20,13,10
16,16,17,20,19,17,20,11,14,11,12,10,13,10,15,12,11,16,11,14
10,13,17,19,17,16,15,12,10,15,12,13,17,11,20,13,16,14,12,14
15,17,15,12,10,10,14,16,15,10,19,14,10,13,19,15,13,12,11,11
16,11,14,15,19,16,14,17,19,17,19,17,16,13,13,14,17,20,20,11
16,17,13,17,20,17,11,13,13,15,18,13,18,10,13,13,20,18,13,12
19,18,12,15,16,17,20,20,14,17,10,11,10,13,10,11,19,17,12,17
12,13,17,15,12,12,14,19,18,20,10,18,14,13,10,19,12,19,13,11
10,11,10,20,16,17,16,10,13,17,12,20,16,17,11,17,13,19,12,12
13,14,13,12,18,20,19,11,20,15,16,10,20,18,15,20,14,16,10,15
20,12,15,18,14,15,11,18,16,17,10,18,18,13,18,16,11,12,20,10
10,13,18,20,12,12,12,19,13,17,18,15,16,12,15,16,13,17,13,20
20,20,13,10,15,20,17,15,18,16,20,11,15,14,11,18,16,20,11,18
16,12,18,18,15,13,17,15,17,16,13,17,16,11,11,18,14,10,10,19
16,11,10,10,18,14,11,11,12,14,12,17,10,12,14,15,11,18,17,11
11,13,16,19,17,12,16,16,20,19,11,12,20,10,17,14,18,17,10,10
12,14,12,15,20,10,18,10,16,18,20,10,10,18,14,12,16,11,17,18
17,15,12,13,20,13,18,14,16,14,20,18,13,14,14,16,19,20,17,19
15,14,16,14,18,10,10,12,15,10,15,11,12,17,13,16,20,14,15,13

