The number of factories:
2
The number of jobs:
20
The number of machines:
3
The number of vehicles:
4
The number of workers:
3

The factory where machine i is located:
1,1,2

The vehicle which belong to factory 1:
1,2,3
The vehicle which belong to factory 2:
4

The processing time of each order processed on different machines:
(where rows denote orders: 1 to 20 and columns denote machines: 1 to 
3)
40,30,31,34,31,29,31,30,33,20,25,36,32,24,40,25,35,38,24,23
37,23,38,22,35,23,22,36,25,38,37,34,32,33,34,26,33,38,39,24
37,27,23,29,21,33,37,38,31,22,39,22,29,22,36,31,28,40,40,28

The coefficient of each worker on each machine:
(where rows denote workers: 1 to 3 and columns denote machines: 1 to 
3)
1,1.25,0.5
1.5,1.5,0.75
1.25,0.5,1

The unit processing cost of machines:

7,10,9

The unit idle cost of machines:

3,3,3

The distance between each location:
(where rows and columns denote locations from factory 1 to customers)
0,147,110,152,145,112,147,77,89,200,124,108,16,66,149,69,178,183,69,90,133
147,0,95,52,87,122,38,139,65,62,118,53,151,112,15,79,67,143,83,99,82
110,95,0,136,157,27,123,153,47,117,26,45,123,125,107,84,158,214,93,132,26
152,52,136,0,38,162,14,116,94,104,161,91,150,97,37,84,27,92,82,75,129
145,87,157,38,0,181,50,92,111,142,183,113,139,82,73,87,50,58,81,57,155
112,122,27,162,181,0,149,166,70,141,13,71,127,140,134,102,185,237,112,150,48
147,38,123,14,50,149,0,119,83,92,148,78,147,97,23,78,36,106,78,78,115
77,139,153,116,92,166,119,0,111,200,175,126,64,29,133,72,138,113,63,41,166
89,65,47,94,111,70,83,111,0,112,73,19,97,82,73,39,119,167,49,85,55
200,62,117,104,142,141,92,200,112,0,133,94,207,174,71,137,106,194,143,161,93
124,118,26,161,183,13,148,175,73,133,0,71,138,148,132,108,183,240,118,156,40
108,53,45,91,113,71,78,126,19,94,71,0,116,97,64,54,114,171,63,97,43
16,151,123,150,139,127,147,64,97,207,138,116,0,58,151,72,176,174,69,83,144
66,112,125,97,82,140,97,29,82,174,148,97,58,0,108,43,122,118,34,25,137
149,15,107,37,73,134,23,133,73,71,132,64,151,108,0,80,53,129,82,92,96
69,79,84,84,87,102,78,72,39,137,108,54,72,43,80,0,111,138,9,48,95
178,67,158,27,50,185,36,138,119,106,183,114,176,122,53,111,0,90,109,99,148
183,143,214,92,58,237,106,113,167,194,240,171,174,118,129,138,90,0,130,95,214
69,83,93,82,81,112,78,63,49,143,118,63,69,34,82,9,109,130,0,39,104
90,99,132,75,57,150,78,41,85,161,156,97,83,25,92,48,99,95,39,0,139
133,82,26,129,155,48,115,166,55,93,40,43,144,137,96,95,148,214,104,139,0
The distance between each location:
(where rows and columns denote locations from factory 2 to customers)
0,23,105,32,64,132,18,120,67,83,131,60,139,95,13,68,53,121,70,79,97
23,0,95,52,87,122,38,139,65,62,118,53,151,112,15,79,67,143,83,99,82
105,95,0,136,157,27,123,153,47,117,26,45,123,125,107,84,158,214,93,132,26
32,52,136,0,38,162,14,116,94,104,161,91,150,97,37,84,27,92,82,75,129
64,87,157,38,0,181,50,92,111,142,183,113,139,82,73,87,50,58,81,57,155
132,122,27,162,181,0,149,166,70,141,13,71,127,140,134,102,185,237,112,150,48
18,38,123,14,50,149,0,119,83,92,148,78,147,97,23,78,36,106,78,78,115
120,139,153,116,92,166,119,0,111,200,175,126,64,29,133,72,138,113,63,41,166
67,65,47,94,111,70,83,111,0,112,73,19,97,82,73,39,119,167,49,85,55
83,62,117,104,142,141,92,200,112,0,133,94,207,174,71,137,106,194,143,161,93
131,118,26,161,183,13,148,175,73,133,0,71,138,148,132,108,183,240,118,156,40
60,53,45,91,113,71,78,126,19,94,71,0,116,97,64,54,114,171,63,97,43
139,151,123,150,139,127,147,64,97,207,138,116,0,58,151,72,176,174,69,83,144
95,112,125,97,82,140,97,29,82,174,148,97,58,0,108,43,122,118,34,25,137
13,15,107,37,73,134,23,133,73,71,132,64,151,108,0,80,53,129,82,92,96
68,79,84,84,87,102,78,72,39,137,108,54,72,43,80,0,111,138,9,48,95
53,67,158,27,50,185,36,138,119,106,183,114,176,122,53,111,0,90,109,99,148
121,143,214,92,58,237,106,113,167,194,240,171,174,118,129,138,90,0,130,95,214
70,83,93,82,81,112,78,63,49,143,118,63,69,34,82,9,109,130,0,39,104
79,99,132,75,57,150,78,41,85,161,156,97,83,25,92,48,99,95,39,0,139
97,82,26,129,155,48,115,166,55,93,40,43,144,137,96,95,148,214,104,139,0

The weight of orders:
20,18,19,15,16,17,14,11,15,17,17,13,12,12,18,20,14,10,10,13

The unit tardiness penalty of orders:

9,7,6,10,7,7,8,7,9,10,8,7,6,6,8,6,8,7,8,10

The due date of orders:
653,350,310,656,558,467,316,456,580,257,767,267,636,225,366,587,636,706,291,228

the loading and unloading time of each order:
5,5,5,4,4,4,4,3,4,4,4,3,3,3,5,5,4,3,3,3

The sequence dependent setup time of each job processed on machine 1.
(Where rows denote jobs: 1 to 20 and columns denote jobs: 0 to 20.For example:The value of Sijk is in row j,column i+1.)
16,14,19,16,10,13,15,13,19,14,16,10,17,15,16,13,14,17,19,13
16,18,18,12,19,16,20,18,12,17,16,19,19,15,16,16,16,20,18,15
11,15,18,10,10,16,15,12,16,17,19,13,20,14,13,14,20,16,14,17
20,16,13,19,10,14,16,13,10,11,18,13,15,13,11,18,17,18,11,16
17,18,14,10,11,14,20,16,13,16,11,14,18,13,18,13,12,15,18,13
20,19,17,12,10,19,10,10,11,15,20,20,11,17,20,18,20,12,10,14
14,11,15,18,15,12,16,18,10,19,17,11,12,19,17,15,11,18,17,15
11,16,12,11,13,20,13,11,14,18,12,13,20,19,16,10,17,14,14,19
14,15,16,10,17,15,15,11,18,16,20,18,19,19,20,16,19,20,14,16
18,10,19,16,10,13,18,19,19,14,17,15,10,15,11,17,14,13,11,12
13,20,20,13,16,13,17,14,17,10,14,20,14,17,13,13,14,14,10,12
11,13,18,13,12,14,11,15,10,13,12,20,13,15,17,13,16,19,18,16
19,16,17,18,18,13,19,19,18,13,15,10,18,17,17,10,20,20,12,16
12,12,14,19,10,18,14,17,16,10,15,19,12,19,19,12,16,15,20,18
14,10,20,10,10,10,10,16,15,17,17,18,10,16,20,12,16,10,18,12
18,15,13,20,15,17,17,11,13,17,15,11,19,17,10,14,13,16,10,14
13,18,12,19,12,20,13,19,11,15,13,20,18,12,13,16,17,13,20,19
16,19,13,17,16,15,13,10,17,16,19,11,14,15,18,13,19,19,14,14
11,10,14,17,12,17,12,12,20,10,14,10,13,12,12,13,11,13,14,18
16,20,15,14,11,11,19,18,13,10,13,20,17,12,13,18,13,19,16,20
10,16,20,17,20,20,11,12,17,18,10,11,12,16,13,13,14,20,12,14

The sequence dependent setup time of each job processed on machine 2.
(Where rows denote jobs: 1 to 20 and columns denote jobs: 0 to 20.For example:The value of Sijk is in row j,column i+1.)
19,13,16,11,16,15,12,18,16,11,11,19,20,11,18,10,20,15,16,20
14,16,15,12,10,14,15,17,15,18,14,10,11,16,16,19,12,14,14,19
10,13,13,15,11,17,14,13,17,15,14,16,18,19,12,11,12,14,20,18
14,16,18,13,15,14,13,13,18,19,16,20,11,19,13,20,14,18,17,15
14,14,11,19,19,11,13,14,14,12,10,15,13,10,15,10,12,11,20,13
15,20,14,15,11,10,19,12,20,14,17,16,17,12,10,19,13,10,19,13
14,10,17,15,11,14,12,14,14,15,10,17,14,16,17,19,15,19,16,13
13,20,13,16,15,10,18,12,10,20,12,11,17,13,17,15,18,16,20,20
19,12,20,13,11,15,14,19,19,18,11,14,10,14,20,14,10,20,16,20
19,15,18,20,15,17,20,14,10,11,18,18,17,16,14,12,10,12,19,13
18,11,18,19,14,10,11,13,14,19,19,13,13,14,14,11,17,12,12,18
18,16,12,20,14,16,16,11,13,17,16,10,15,17,11,10,10,11,10,14
14,13,20,12,14,19,13,11,18,13,20,20,12,13,15,20,17,17,17,10
20,19,14,15,15,20,19,14,12,16,13,19,16,19,10,14,13,18,19,12
11,13,13,19,16,14,11,19,16,20,13,12,19,18,20,15,14,20,18,16
20,10,11,20,13,15,17,15,10,14,18,17,11,12,18,12,16,11,17,16
15,16,12,17,19,19,12,15,20,19,16,13,12,18,17,10,12,10,18,16
11,10,11,11,19,14,17,10,18,17,11,10,10,12,10,15,15,13,10,11
14,18,17,20,15,15,10,13,19,14,17,11,16,18,13,20,10,13,19,10
10,17,18,13,12,12,17,12,19,17,14,18,12,13,13,11,13,14,13,14
16,18,11,20,17,10,16,13,19,20,13,20,20,20,16,18,15,17,14,10

The sequence dependent setup time of each job processed on machine 3.
(Where rows denote jobs: 1 to 20 and columns denote jobs: 0 to 20.For example:The value of Sijk is in row j,column i+1.)
13,19,14,16,20,10,16,16,12,11,13,14,18,10,12,12,16,12,16,18
13,16,19,16,20,16,16,11,13,17,18,18,19,16,12,13,18,16,15,15
20,14,11,14,15,15,11,18,19,20,12,17,19,16,17,13,11,16,11,13
20,13,14,19,13,11,17,14,16,19,17,13,13,13,16,13,15,14,11,20
10,16,14,10,15,14,17,12,15,18,13,15,11,12,19,16,10,11,14,15
10,14,11,11,20,18,12,10,11,20,19,16,11,20,17,17,15,19,14,14
10,10,10,15,10,13,15,19,10,11,14,16,19,14,13,13,19,19,15,13
18,16,15,19,16,14,12,18,19,19,15,12,14,19,20,19,17,19,12,12
17,15,10,16,11,19,18,17,15,18,14,19,12,14,14,18,19,15,11,19
11,15,14,14,12,13,15,17,10,18,12,17,10,14,19,11,18,13,12,15
14,13,19,14,15,15,17,20,13,13,14,18,16,18,11,20,12,11,15,20
11,16,19,10,15,19,20,14,12,14,15,18,14,20,13,14,11,18,15,13
19,19,18,19,15,14,16,17,17,11,17,19,14,17,14,16,12,11,17,10
10,17,11,13,15,20,12,12,15,17,13,14,14,20,17,13,16,10,15,10
13,18,11,14,13,13,10,11,10,16,17,12,14,20,20,10,18,19,19,13
15,18,11,14,19,16,10,13,16,17,11,10,11,20,13,11,19,14,17,15
13,16,13,15,12,10,17,11,14,12,11,19,10,16,12,20,10,18,16,13
11,18,16,12,18,11,18,13,11,14,11,16,16,15,12,17,11,19,12,17
18,18,18,10,18,10,16,11,14,13,20,17,19,10,15,20,14,11,10,17
20,17,17,17,12,20,16,17,12,20,10,10,15,15,20,13,13,15,18,14
12,11,20,20,13,19,13,11,20,19,14,10,13,17,14,13,10,18,10,15

