The number of jobs:
20
The number of machines:
5
The number of vehicles:
2
The number of workers:
3

The processing time of each order processed on different machines:
(where rows denote machines: 1 to 5 and columns denote orders: 1 to 
20)
26,35,29,27,24,25,26,37,34,25,28,20,31,32,27,30,28,39,34,34
37,32,26,37,20,31,29,34,34,40,29,39,38,26,21,29,33,34,37,39
28,25,28,39,21,30,39,30,20,29,35,30,34,24,21,25,39,35,28,27
26,39,30,23,35,33,20,30,38,33,27,34,39,28,22,22,40,35,25,25
22,29,25,37,39,22,26,38,22,35,21,40,20,38,32,36,32,39,32,40

The coefficient of each worker on each machine:
(where rows denote workers: 1 to 3 and columns denote machines: 1 to 
5)
1,1.25,1.25,0.5,0.75
1.25,1.25,0.5,0.75,1.25
1.5,1,0.5,1,0.75

The unit processing cost of machines:

9,8,9,6,10

The unit idle cost of machines:

2,5,4,4,1

The distance between each location:
(where rows and columns denote locations: 0 to 20)
0,89,94,110,82,47,92,117,54,99,81,85,67,57,71,80,105,79,55,122,66
89,0,137,90,128,63,148,188,83,182,54,59,124,42,93,161,88,164,144,123,152
94,137,0,78,12,133,181,194,55,88,160,86,158,97,164,151,74,86,95,57,82
110,90,78,0,77,123,200,227,58,158,135,33,173,68,160,188,5,149,145,36,140
82,128,12,77,0,121,169,183,45,83,149,80,146,87,152,140,73,79,85,62,73
47,63,133,123,121,0,85,125,82,145,35,91,61,56,37,100,119,124,98,146,112
92,148,181,200,169,85,0,46,146,146,103,170,26,136,58,52,195,126,99,214,118
117,188,194,227,183,125,46,0,170,138,147,201,64,170,102,43,222,121,101,235,118
54,83,55,58,45,82,146,170,0,109,106,43,121,42,116,130,53,96,87,67,85
99,182,88,158,83,145,146,138,109,0,180,152,133,142,160,98,154,22,50,145,34
81,54,160,135,149,35,103,147,106,180,0,102,84,70,45,130,132,159,133,164,146
85,59,86,33,80,91,170,201,43,152,102,0,144,36,128,165,30,139,128,64,128
67,124,158,173,146,61,26,64,121,133,84,144,0,110,41,51,168,111,83,188,102
57,42,97,68,87,56,136,170,42,142,70,36,110,0,92,136,64,125,108,94,113
71,93,164,160,152,37,58,102,116,160,45,128,41,92,0,91,156,138,110,182,126
80,161,151,188,140,100,52,43,130,98,130,165,51,136,91,0,183,80,58,194,75
105,88,74,5,73,119,195,222,53,154,132,30,168,64,156,183,0,144,139,36,135
79,164,86,149,79,124,126,121,96,22,159,139,111,125,138,80,144,0,28,140,13
55,144,95,145,85,98,99,101,87,50,133,128,83,108,110,58,139,28,0,143,19
122,123,57,36,62,146,214,235,67,145,164,64,188,94,182,194,36,140,143,0,134
66,152,82,140,73,112,118,118,85,34,146,128,102,113,126,75,135,13,19,134,0

The weight of orders:
15,10,10,20,12,17,14,11,17,14,13,11,15,17,15,13,11,18,11,14

The unit tardiness penalty of orders:

10,6,7,6,8,8,9,10,8,6,6,7,8,6,8,9,9,9,9,10

The due date of orders:
306,244,563,212,360,420,249,482,449,314,264,278,189,230,266,279,327,411,489,456

the loading and unloading time of each order:
4,3,3,5,3,4,4,3,4,4,3,3,4,4,4,3,3,5,3,4

The sequence dependent setup time of each job processed on machine 1.
(Where rows denote jobs: 1 to 20 and columns denote jobs: 0 to 20.For example:The value of Sijk is in row j,column i+1.)
13,10,19,15,14,19,12,14,19,13,11,19,19,12,15,20,19,11,12,19
15,20,12,16,10,19,16,16,15,10,11,17,16,10,13,14,14,11,20,20
19,12,16,18,20,12,20,14,13,11,14,16,10,13,20,10,17,12,10,19
13,18,18,16,12,10,16,19,16,19,20,19,17,17,19,13,15,14,17,17
16,10,17,15,14,13,19,17,15,10,16,11,11,13,19,16,13,17,13,14
16,19,14,10,19,19,13,13,12,15,17,19,11,18,16,19,12,11,14,14
15,17,10,11,10,13,11,14,16,11,16,11,16,15,13,12,18,14,16,20
14,10,14,13,16,10,15,16,19,13,18,11,20,16,11,17,15,12,20,15
16,11,11,14,16,13,14,10,14,13,14,16,12,19,14,13,13,17,14,19
12,11,14,11,16,10,17,14,15,18,19,10,11,17,18,10,18,15,15,17
15,11,15,16,16,17,16,13,15,19,12,15,11,10,13,12,19,20,15,19
14,16,17,11,14,17,17,11,20,13,16,13,10,11,13,15,18,18,12,12
11,18,13,19,20,11,12,17,19,16,10,17,15,16,11,17,12,15,14,18
20,16,17,13,19,13,18,19,11,10,17,17,17,14,16,18,19,14,14,19
15,15,12,19,11,19,19,15,15,17,12,12,19,18,15,20,17,12,15,19
13,11,19,12,14,10,12,10,10,12,16,12,19,15,16,15,16,13,17,16
18,19,14,16,12,12,16,13,12,10,14,10,11,13,14,12,11,20,10,16
11,10,10,17,17,15,17,17,19,14,14,19,13,13,16,15,16,15,10,18
20,15,13,15,14,17,11,13,14,11,14,10,11,20,19,15,10,12,19,18
17,19,16,13,12,16,10,18,14,13,19,19,17,11,18,11,13,10,16,17
17,20,12,10,18,18,16,19,11,15,13,15,15,17,14,20,11,19,13,11

The sequence dependent setup time of each job processed on machine 2.
(Where rows denote jobs: 1 to 20 and columns denote jobs: 0 to 20.For example:The value of Sijk is in row j,column i+1.)
18,20,19,10,15,19,18,17,19,10,12,11,13,10,10,18,17,20,12,15
15,17,17,16,13,11,19,15,18,14,20,13,15,10,14,11,12,14,12,17
12,18,10,16,17,20,14,10,14,10,12,14,16,16,14,12,20,10,14,11
15,11,19,16,13,17,10,18,13,17,14,16,10,13,17,10,10,17,16,10
11,11,14,17,18,18,17,20,14,11,15,17,14,10,15,18,19,11,16,17
16,14,15,14,17,18,13,14,15,15,17,15,12,12,10,12,18,17,18,12
12,15,17,11,20,12,20,20,17,18,19,20,19,11,15,12,19,18,18,14
19,18,19,15,11,11,15,13,16,14,13,16,18,15,18,20,20,10,11,15
11,10,12,20,20,13,14,14,17,11,17,13,19,19,17,18,18,15,16,15
17,11,19,18,12,10,13,14,18,14,19,17,16,12,10,12,12,10,13,17
17,18,18,15,17,20,16,19,14,10,16,11,16,13,16,11,20,18,20,15
15,16,14,12,14,11,13,13,15,19,12,13,14,18,10,20,18,11,19,13
10,10,10,14,14,15,18,16,13,18,14,20,14,11,17,20,10,10,15,14
18,12,17,12,14,19,14,10,15,19,18,17,20,18,16,14,10,11,10,13
20,17,20,11,20,17,16,12,15,20,12,19,10,14,15,14,18,12,12,15
15,20,19,19,12,16,10,17,20,20,15,16,15,11,18,11,11,14,19,19
12,19,12,11,13,20,18,17,14,16,16,10,14,13,11,17,19,12,16,17
13,19,18,12,20,20,16,19,20,15,15,16,20,20,19,14,13,19,18,20
16,15,20,18,10,19,15,20,14,15,13,11,19,15,13,15,15,16,20,13
10,13,18,15,14,18,12,20,10,10,11,10,12,11,18,16,20,12,19,19
16,13,15,11,11,11,17,19,19,11,10,13,15,13,11,19,13,17,17,10

The sequence dependent setup time of each job processed on machine 3.
(Where rows denote jobs: 1 to 20 and columns denote jobs: 0 to 20.For example:The value of Sijk is in row j,column i+1.)
16,14,20,16,17,15,19,18,10,14,12,13,12,20,11,20,16,12,14,10
12,12,10,20,20,10,12,19,12,11,19,11,14,10,18,14,11,17,12,13
12,20,15,19,16,18,20,15,10,12,18,16,12,10,10,20,10,16,13,10
16,14,11,10,19,16,20,10,18,14,20,12,19,10,13,14,13,19,11,14
11,11,11,15,16,13,13,17,19,14,12,10,15,11,10,11,13,10,15,12
10,13,10,10,11,20,13,15,15,10,20,16,16,13,14,11,14,18,15,16
16,20,15,20,20,12,10,16,11,11,13,14,14,12,15,16,10,15,20,14
18,14,20,19,13,17,18,13,18,16,10,17,14,16,13,17,17,11,16,13
13,12,12,15,11,14,18,10,11,12,13,19,17,20,12,10,13,11,12,16
14,13,13,12,15,17,11,12,13,12,16,17,17,19,19,13,19,19,20,20
18,14,16,13,17,18,10,18,16,18,16,11,15,20,19,11,18,13,12,14
13,13,17,10,11,11,12,10,14,17,10,16,17,14,20,16,18,13,13,19
16,11,11,15,18,14,13,19,20,18,18,14,16,13,20,12,13,16,13,13
20,14,11,16,17,14,20,11,19,10,15,11,20,10,18,17,10,18,10,17
12,18,17,14,14,14,17,14,16,16,10,16,13,11,13,19,16,11,13,10
20,12,13,16,15,16,15,10,14,10,19,18,15,16,17,14,15,16,15,10
19,13,15,20,20,15,17,13,14,10,16,11,15,18,11,14,20,20,18,16
18,18,11,13,18,16,13,10,14,12,11,10,20,17,13,16,13,11,12,10
11,10,15,13,10,16,11,14,13,19,14,11,10,14,13,17,13,15,14,17
17,17,18,11,12,11,15,17,10,18,14,13,10,17,16,16,12,14,14,12
17,11,19,17,16,11,13,20,18,18,13,17,12,20,17,10,17,12,16,14

The sequence dependent setup time of each job processed on machine 4.
(Where rows denote jobs: 1 to 20 and columns denote jobs: 0 to 20.For example:The value of Sijk is in row j,column i+1.)
16,10,12,17,10,19,11,20,19,15,14,18,13,16,16,15,16,15,13,19
11,16,11,14,15,10,10,18,12,18,20,15,14,16,13,20,13,20,12,15
19,17,15,17,19,10,14,20,10,12,16,16,14,11,14,17,15,16,15,16
12,11,10,20,18,11,15,12,11,17,12,12,17,14,19,15,14,19,18,11
17,15,19,16,17,10,15,10,13,19,12,12,11,11,14,11,17,16,19,12
19,19,14,18,20,14,11,14,13,12,10,20,13,18,13,12,10,10,12,19
12,16,13,19,20,13,20,13,17,13,14,17,16,20,19,17,19,17,15,16
10,19,19,11,11,20,10,18,15,16,17,12,11,12,10,16,15,13,12,18
11,12,10,16,14,20,17,10,11,20,10,18,15,11,11,20,20,19,11,12
11,14,10,13,13,20,17,11,16,18,19,15,11,11,10,12,13,11,15,12
18,14,20,15,14,10,12,12,16,19,10,11,16,10,16,14,19,19,18,17
11,10,10,12,17,20,10,19,19,15,14,12,17,17,19,15,12,19,11,11
16,16,12,13,15,18,11,15,13,12,20,13,15,16,17,17,13,10,14,19
16,15,12,20,12,11,13,19,16,19,14,16,11,13,15,18,13,17,14,18
15,14,17,19,15,20,19,18,17,17,17,13,20,15,15,19,12,19,13,19
19,13,13,12,10,16,18,17,17,13,11,17,12,17,18,19,13,13,16,20
14,12,14,14,17,20,15,19,20,13,15,14,15,10,18,16,10,16,16,12
11,12,19,11,17,16,12,14,17,13,13,11,13,14,10,19,16,15,19,10
19,16,11,12,17,18,18,15,15,18,14,15,18,15,18,17,19,14,14,12
11,12,14,20,20,11,15,13,13,15,11,10,14,18,15,15,16,19,16,11
18,12,19,11,20,18,11,20,12,20,18,18,16,16,20,12,19,19,20,10

The sequence dependent setup time of each job processed on machine 5.
(Where rows denote jobs: 1 to 20 and columns denote jobs: 0 to 20.For example:The value of Sijk is in row j,column i+1.)
12,19,14,13,15,14,14,18,11,13,11,15,12,17,13,15,15,10,15,17
11,15,17,12,18,20,20,20,15,19,16,18,16,13,13,18,15,18,16,20
11,13,17,16,20,20,12,10,15,19,15,13,18,10,15,19,13,16,15,13
18,14,13,13,12,13,13,15,20,16,10,16,18,17,13,19,18,20,15,16
11,10,14,13,11,10,18,17,20,11,16,10,15,13,10,20,11,10,13,16
11,15,19,14,12,10,12,10,17,13,16,14,10,13,10,14,13,17,15,12
19,15,16,15,19,19,17,16,12,16,12,11,19,12,20,14,18,13,13,16
20,17,16,14,10,19,10,19,19,15,12,15,17,16,14,10,10,19,19,17
16,10,16,20,20,18,16,20,14,14,16,17,17,12,12,18,11,16,14,20
11,16,11,12,12,18,20,13,17,14,15,19,16,19,12,20,10,14,17,20
16,12,20,19,17,19,17,12,10,14,16,16,15,20,17,10,20,17,15,15
11,17,14,16,16,17,15,14,13,11,12,11,10,13,10,11,10,11,11,17
14,12,17,18,11,15,16,17,19,17,14,13,18,10,19,19,19,18,19,12
20,12,20,17,13,12,10,19,19,10,19,18,11,17,11,12,16,15,20,17
19,17,20,16,20,19,13,19,15,13,12,13,17,20,19,11,20,12,18,16
19,18,17,11,17,15,10,19,12,17,16,18,14,11,12,13,17,13,17,20
11,14,12,19,20,13,19,16,15,14,20,12,19,14,15,10,13,18,15,14
15,15,19,19,12,19,10,19,17,16,12,14,16,11,20,14,19,11,10,17
11,15,17,16,18,15,12,12,16,15,20,19,17,20,20,19,19,14,14,16
17,11,18,13,15,16,17,20,11,16,17,20,17,18,13,14,17,10,16,13
11,13,16,11,20,16,15,16,16,14,20,20,15,15,18,17,10,10,14,14

