The number of jobs:
20
The number of machines:
4
The number of vehicles:
3
The number of workers:
3

The processing time of each order processed on different machines:
(where rows denote machines: 1 to 4 and columns denote orders: 1 to 
20)
39,25,21,35,30,28,29,29,25,27,39,31,40,38,33,30,33,36,33,34
36,32,23,34,32,20,23,24,26,27,21,29,32,33,36,27,40,20,21,35
23,31,33,27,29,35,33,40,28,32,35,36,31,25,31,21,37,24,35,37
20,38,25,31,22,27,40,40,38,33,26,35,40,22,40,25,24,36,39,32

The coefficient of each worker on each machine:
(where rows denote workers: 1 to 3 and columns denote machines: 1 to 
4)
1.5,0.75,1.5,0.5
0.75,0.5,1,0.75
0.5,1,1,1.5

The unit processing cost of machines:

6,9,8,9

The unit idle cost of machines:

4,4,2,5

The distance between each location:
(where rows and columns denote locations: 0 to 20)
0,91,118,126,91,49,118,40,46,93,32,119,88,17,57,44,85,64,75,88,42
91,0,162,210,97,125,42,54,137,138,76,185,147,83,115,57,83,49,102,119,120
118,162,0,198,70,75,155,121,118,26,148,45,35,134,172,150,199,167,193,206,81
126,210,198,0,207,132,242,165,89,183,134,168,165,128,100,154,157,167,130,122,130
91,97,70,207,0,78,85,70,118,51,110,105,69,100,146,103,153,115,156,172,78
49,125,75,132,78,0,139,72,45,54,81,70,42,66,98,90,134,110,123,134,7
118,42,155,242,85,139,0,77,162,134,112,186,149,114,153,93,125,90,143,160,135
40,54,121,165,70,72,77,0,85,95,42,135,99,39,83,33,82,47,86,103,66
46,137,118,89,118,45,162,85,0,99,70,102,84,57,66,87,116,105,98,104,42
93,138,26,183,51,54,134,95,99,0,122,54,22,108,148,124,173,141,168,181,59
32,76,148,134,110,81,112,42,70,122,0,151,119,16,42,20,52,36,47,62,74
119,185,45,168,105,70,186,135,102,54,151,0,38,135,165,159,203,178,192,202,77
88,147,35,165,69,42,149,99,84,22,119,38,0,104,140,124,171,143,163,174,48
17,83,134,128,100,66,114,39,57,108,16,135,104,0,46,30,68,49,60,73,59
57,115,172,100,146,98,153,83,66,148,42,165,140,46,0,60,59,69,34,37,92
44,57,150,154,103,90,93,33,87,124,20,159,124,30,60,0,50,19,55,72,83
85,83,199,157,153,134,125,82,116,173,52,203,171,68,59,50,0,39,27,40,126
64,49,167,167,115,110,90,47,105,141,36,178,143,49,69,19,39,0,53,71,103
75,102,193,130,156,123,143,86,98,168,47,192,163,60,34,55,27,53,0,17,116
88,119,206,122,172,134,160,103,104,181,62,202,174,73,37,72,40,71,17,0,127
42,120,81,130,78,7,135,66,42,59,74,77,48,59,92,83,126,103,116,127,0

The weight of orders:
18,18,13,18,14,16,16,10,19,14,15,19,19,16,15,20,14,11,17,13

The unit tardiness penalty of orders:

7,10,7,6,7,8,8,10,10,8,6,8,7,9,7,10,8,8,8,7

The due date of orders:
342,554,182,293,246,231,277,206,357,242,210,454,413,301,239,155,502,208,230,248

the loading and unloading time of each order:
5,5,3,5,4,4,4,3,5,4,4,5,5,4,4,5,4,3,4,3

The sequence dependent setup time of each job processed on machine 1.
(Where rows denote jobs: 1 to 20 and columns denote jobs: 0 to 20.For example:The value of Sijk is in row j,column i+1.)
17,13,11,19,10,10,19,17,17,10,16,19,10,12,19,10,17,11,17,11
16,17,13,20,11,16,11,14,20,18,19,14,11,18,19,16,11,20,18,20
13,11,13,16,16,11,19,16,13,12,13,13,16,20,14,17,11,12,19,15
13,17,19,14,20,13,14,20,10,15,20,10,11,18,12,12,13,20,13,10
19,17,20,15,19,13,10,14,14,19,14,11,15,16,10,13,10,16,12,14
20,16,12,15,10,10,15,17,15,11,16,17,16,11,17,11,19,16,18,11
16,13,20,16,10,13,18,15,20,19,18,15,19,15,19,18,17,13,10,18
20,20,10,16,19,20,12,15,18,11,16,11,14,10,10,18,17,15,15,18
20,10,12,19,19,19,16,20,19,12,14,20,10,10,11,11,18,14,15,14
11,11,16,17,16,18,16,19,12,20,18,14,19,14,12,20,18,18,14,18
18,15,17,20,14,13,16,17,12,10,14,10,10,11,11,13,15,11,15,12
19,12,13,12,17,14,10,18,18,15,12,16,12,10,11,19,15,14,16,16
18,11,10,10,15,16,18,13,19,11,11,16,11,19,14,16,17,13,17,17
14,20,11,19,11,14,10,18,18,13,19,10,15,16,15,10,17,18,13,17
17,20,19,10,17,20,13,19,20,16,11,19,14,18,14,12,11,13,19,12
17,14,19,17,16,20,16,14,11,14,11,20,16,19,16,15,15,14,20,18
19,20,20,19,16,18,10,11,20,14,18,10,12,16,13,11,13,13,20,15
16,20,20,12,19,16,18,17,19,11,18,14,20,11,12,17,16,13,14,12
12,17,17,18,16,14,14,17,14,19,20,10,18,18,11,13,10,11,16,18
18,11,11,16,18,16,10,10,15,20,10,15,10,18,13,17,19,17,14,18
10,10,15,11,15,16,14,12,12,13,17,14,14,12,19,14,15,10,19,10

The sequence dependent setup time of each job processed on machine 2.
(Where rows denote jobs: 1 to 20 and columns denote jobs: 0 to 20.For example:The value of Sijk is in row j,column i+1.)
10,20,13,11,18,19,11,15,16,20,14,19,14,17,13,15,18,19,12,12
16,15,13,17,18,16,14,14,18,14,12,18,18,19,16,14,18,10,12,13
19,14,10,20,16,13,13,17,10,15,17,10,17,10,13,14,15,15,18,12
17,19,17,12,11,19,18,20,10,20,11,16,14,14,12,10,16,16,15,20
10,12,17,12,20,15,18,10,20,17,17,11,14,19,15,18,19,11,20,13
17,18,19,13,17,20,15,15,17,17,20,18,20,20,11,12,13,11,18,10
17,17,19,12,13,11,16,14,10,16,20,18,12,12,15,20,16,16,11,19
15,13,18,17,12,15,18,13,20,15,14,16,18,19,18,14,19,12,20,18
18,13,18,11,18,11,18,10,10,16,16,19,18,20,17,15,19,16,17,16
13,16,11,20,12,13,10,17,20,11,15,15,14,17,17,18,11,19,17,10
17,20,16,14,20,13,10,14,15,19,19,11,13,10,18,15,19,20,13,20
15,12,11,17,16,15,10,19,20,18,11,10,10,19,12,14,15,13,20,10
19,15,13,19,15,14,16,19,12,12,11,12,11,19,14,14,17,13,18,16
19,15,13,11,18,12,17,12,17,16,18,17,11,19,11,18,15,19,17,14
19,12,15,19,13,16,19,14,18,19,19,15,11,10,14,11,10,13,17,10
16,15,15,19,12,16,16,18,17,18,11,15,12,15,17,20,16,16,20,14
16,11,15,16,18,20,20,11,20,12,12,10,16,12,17,19,18,15,11,18
18,10,10,19,17,18,17,16,13,14,17,17,20,15,16,19,12,14,15,17
15,18,10,16,11,15,10,11,19,15,19,16,14,15,15,15,14,11,10,11
11,15,17,15,11,12,13,10,18,12,12,16,18,16,13,14,18,13,20,19
13,14,10,11,15,18,18,12,14,16,12,17,18,16,16,11,20,13,13,17

The sequence dependent setup time of each job processed on machine 3.
(Where rows denote jobs: 1 to 20 and columns denote jobs: 0 to 20.For example:The value of Sijk is in row j,column i+1.)
12,14,18,14,10,10,20,13,16,12,13,12,16,20,19,19,13,19,16,19
15,15,15,19,11,15,15,16,13,11,17,11,19,10,12,15,18,12,19,17
10,15,14,10,17,10,10,19,16,16,12,16,16,15,17,14,20,14,11,17
17,17,10,11,20,19,10,12,15,13,16,16,15,17,18,20,14,14,16,11
13,15,20,15,14,13,19,20,20,10,13,10,19,12,12,11,14,19,16,14
11,13,11,15,20,16,18,11,20,14,12,14,20,11,16,16,20,11,16,15
12,16,16,10,12,16,14,11,12,18,14,11,15,15,10,18,13,19,19,15
12,14,15,14,11,20,19,14,11,18,17,19,11,16,10,10,12,20,12,11
19,14,12,10,18,16,20,13,13,13,19,13,19,18,17,20,12,12,19,19
11,13,13,13,20,19,20,17,18,19,16,20,18,12,14,17,19,13,10,13
10,10,17,15,14,17,17,14,13,18,15,10,14,11,13,16,13,13,19,16
19,15,13,16,18,10,19,10,11,10,11,12,19,11,15,19,10,11,10,15
15,17,16,11,15,15,11,20,14,10,18,19,19,12,18,17,18,17,10,12
14,11,20,13,17,12,18,14,19,11,19,12,13,12,18,12,14,16,16,20
20,10,16,16,12,12,19,16,11,17,11,10,11,19,13,11,10,20,14,11
13,19,15,19,14,19,15,20,19,14,13,16,12,17,16,18,11,15,12,18
13,13,20,16,18,18,12,12,16,18,14,20,12,11,14,15,15,17,19,14
16,14,19,11,20,16,11,10,13,12,12,20,16,18,20,10,16,11,15,13
18,14,19,11,20,14,16,11,13,15,10,12,11,12,13,10,16,12,14,12
11,11,13,12,19,13,15,14,18,15,18,17,20,17,10,15,12,18,10,16
17,13,12,17,20,16,14,20,12,17,18,18,17,19,11,18,13,17,14,15

The sequence dependent setup time of each job processed on machine 4.
(Where rows denote jobs: 1 to 20 and columns denote jobs: 0 to 20.For example:The value of Sijk is in row j,column i+1.)
13,10,16,10,18,19,10,10,10,11,10,12,18,12,19,12,10,16,15,15
12,14,18,15,16,17,19,16,17,17,14,15,16,16,20,12,18,18,13,14
19,11,19,19,18,19,16,12,14,18,18,13,16,18,20,14,20,11,12,15
13,12,20,14,13,16,16,19,19,16,10,15,11,13,10,11,20,14,16,20
20,16,10,19,13,12,13,10,10,20,11,19,11,13,15,15,14,20,16,12
10,12,11,15,16,11,14,20,14,19,16,11,16,14,16,18,10,14,11,20
18,11,19,13,20,18,11,15,19,16,12,16,14,15,20,14,15,18,13,18
10,12,19,19,16,17,18,10,12,18,11,16,10,19,20,12,15,11,11,12
17,12,15,11,10,11,14,10,16,15,10,13,16,10,18,18,13,19,10,14
15,12,14,19,15,17,19,18,10,14,16,17,17,12,17,20,13,13,20,14
12,19,20,20,19,10,10,12,20,13,19,10,18,16,12,17,11,13,19,20
14,15,16,19,17,16,20,12,13,19,17,15,17,13,20,13,13,19,12,13
17,14,17,17,10,12,20,17,18,17,19,10,16,16,11,19,19,13,15,16
15,17,11,15,18,12,17,19,15,17,15,17,16,12,16,20,17,12,16,17
18,19,18,15,16,11,15,16,12,17,20,17,17,11,14,20,10,15,16,12
12,13,19,16,20,13,13,15,17,15,14,17,11,20,17,10,15,10,11,10
11,19,10,19,12,10,14,20,16,12,15,16,16,12,18,17,11,15,19,11
20,20,14,17,19,12,20,20,12,15,11,14,14,13,18,11,15,13,17,13
10,19,11,16,18,10,17,15,11,12,13,20,10,11,17,12,14,14,18,10
13,16,11,14,14,10,18,18,12,14,19,16,19,10,11,10,11,10,16,12
12,14,18,14,18,17,18,15,14,18,13,14,10,13,19,10,20,19,18,10

