The number of factories:
2
The number of jobs:
20
The number of machines:
3
The number of vehicles:
2
The number of workers:
2

The factory where machine i is located:
1,2,2

The vehicle which belong to factory 1:
1
The vehicle which belong to factory 2:
2

The processing time of each order processed on different machines:
(where rows denote orders: 1 to 20 and columns denote machines: 1 to 
3)
31,34,39,23,30,20,30,31,35,22,31,29,36,20,35,34,28,40,28,25
26,40,23,33,29,34,29,33,38,20,31,29,29,30,23,27,21,30,40,39
20,39,31,32,39,37,40,25,24,21,38,22,30,37,34,20,38,25,21,25

The coefficient of each worker on each machine:
(where rows denote workers: 1 to 2 and columns denote machines: 1 to 
3)
1,0.5,1.5
0.75,0.5,0.5

The unit processing cost of machines:

10,7,9

The unit idle cost of machines:

5,5,2

The distance between each location:
(where rows and columns denote locations from factory 1 to customers)
0,59,69,99,122,116,142,103,97,127,61,39,71,81,27,114,65,72,81,61,49
59,0,121,40,113,65,116,88,148,93,3,91,36,140,64,57,52,46,76,41,108
69,121,0,160,187,159,211,170,110,197,121,30,113,60,90,167,134,141,147,99,40
99,40,160,0,114,57,104,89,181,77,39,131,60,179,98,34,68,55,88,71,147
122,113,187,114,0,168,38,25,133,52,116,160,149,166,98,148,63,67,42,152,153
116,65,159,57,168,0,160,144,211,133,62,134,47,194,127,26,114,105,137,60,160
142,116,211,104,38,160,0,42,169,27,119,182,152,198,121,137,77,74,65,157,180
103,88,170,89,25,144,42,0,131,40,91,141,124,156,80,124,40,42,23,127,138
97,148,110,181,133,211,169,131,0,170,151,103,168,55,84,205,118,131,111,159,73
127,93,197,77,52,133,27,40,170,0,95,167,127,191,110,110,63,56,59,134,169
61,3,121,39,116,62,119,91,151,95,0,92,34,142,67,54,55,49,79,39,110
39,91,30,131,160,134,182,141,103,167,92,0,88,65,62,140,105,111,119,75,31
71,36,113,60,149,47,152,124,168,127,34,88,0,148,86,54,87,82,111,14,113
81,140,60,179,166,194,198,156,55,191,142,65,148,0,84,195,130,141,133,136,35
27,64,90,98,98,127,121,80,84,110,67,62,86,84,0,121,47,57,57,80,59
114,57,167,34,148,26,137,124,205,110,54,140,54,195,121,0,99,88,121,68,162
65,52,134,68,63,114,77,40,118,63,55,105,87,130,47,99,0,13,24,89,106
72,46,141,55,67,105,74,42,131,56,49,111,82,141,57,88,13,0,33,85,116
81,76,147,88,42,137,65,23,111,59,79,119,111,133,57,121,24,33,0,112,115
61,41,99,71,152,60,157,127,159,134,39,75,14,136,80,68,89,85,112,0,101
49,108,40,147,153,160,180,138,73,169,110,31,113,35,59,162,106,116,115,101,0
The distance between each location:
(where rows and columns denote locations from factory 2 to customers)
0,137,19,176,206,170,229,189,123,215,137,48,127,70,109,180,153,159,166,113,57
137,0,121,40,113,65,116,88,148,93,3,91,36,140,64,57,52,46,76,41,108
19,121,0,160,187,159,211,170,110,197,121,30,113,60,90,167,134,141,147,99,40
176,40,160,0,114,57,104,89,181,77,39,131,60,179,98,34,68,55,88,71,147
206,113,187,114,0,168,38,25,133,52,116,160,149,166,98,148,63,67,42,152,153
170,65,159,57,168,0,160,144,211,133,62,134,47,194,127,26,114,105,137,60,160
229,116,211,104,38,160,0,42,169,27,119,182,152,198,121,137,77,74,65,157,180
189,88,170,89,25,144,42,0,131,40,91,141,124,156,80,124,40,42,23,127,138
123,148,110,181,133,211,169,131,0,170,151,103,168,55,84,205,118,131,111,159,73
215,93,197,77,52,133,27,40,170,0,95,167,127,191,110,110,63,56,59,134,169
137,3,121,39,116,62,119,91,151,95,0,92,34,142,67,54,55,49,79,39,110
48,91,30,131,160,134,182,141,103,167,92,0,88,65,62,140,105,111,119,75,31
127,36,113,60,149,47,152,124,168,127,34,88,0,148,86,54,87,82,111,14,113
70,140,60,179,166,194,198,156,55,191,142,65,148,0,84,195,130,141,133,136,35
109,64,90,98,98,127,121,80,84,110,67,62,86,84,0,121,47,57,57,80,59
180,57,167,34,148,26,137,124,205,110,54,140,54,195,121,0,99,88,121,68,162
153,52,134,68,63,114,77,40,118,63,55,105,87,130,47,99,0,13,24,89,106
159,46,141,55,67,105,74,42,131,56,49,111,82,141,57,88,13,0,33,85,116
166,76,147,88,42,137,65,23,111,59,79,119,111,133,57,121,24,33,0,112,115
113,41,99,71,152,60,157,127,159,134,39,75,14,136,80,68,89,85,112,0,101
57,108,40,147,153,160,180,138,73,169,110,31,113,35,59,162,106,116,115,101,0

The weight of orders:
12,19,10,15,20,14,16,17,18,20,18,11,17,13,19,19,14,11,14,20

The unit tardiness penalty of orders:

6,8,8,7,10,10,9,7,6,9,10,8,10,6,9,10,9,9,8,6

The due date of orders:
542,610,336,971,486,485,262,572,664,194,167,259,666,737,771,223,574,780,840,139

the loading and unloading time of each order:
3,5,3,4,5,4,4,4,5,5,5,3,4,3,5,5,4,3,4,5

The sequence dependent setup time of each job processed on machine 1.
(Where rows denote jobs: 1 to 20 and columns denote jobs: 0 to 20.For example:The value of Sijk is in row j,column i+1.)
13,14,15,15,13,10,17,11,19,13,18,13,18,17,12,15,14,14,17,11
15,18,14,15,16,17,20,20,17,12,18,15,10,15,17,11,12,18,15,19
11,13,11,16,13,10,18,17,16,19,14,16,11,14,15,11,14,11,12,12
15,11,11,14,10,13,16,13,10,17,20,10,12,19,11,15,20,15,12,13
20,12,10,20,10,10,16,15,20,19,20,18,11,19,11,10,13,10,15,20
19,10,10,15,18,18,18,17,19,20,11,15,19,10,20,11,13,15,20,12
10,10,14,11,20,11,16,17,14,13,19,17,16,14,14,18,14,12,13,10
19,17,15,17,10,15,11,15,11,15,11,20,15,13,19,12,19,12,19,11
16,11,18,18,14,14,13,20,19,20,14,14,14,19,20,14,12,11,16,10
20,19,19,14,19,15,11,13,19,12,19,15,19,17,16,19,19,13,10,16
20,11,10,11,15,14,17,15,20,17,11,16,18,12,11,19,12,19,18,17
16,20,20,20,19,10,19,18,17,15,20,20,18,17,12,19,11,11,11,14
16,20,17,17,19,10,19,10,20,16,10,20,14,14,16,20,19,19,19,15
19,14,20,20,18,19,10,10,18,14,16,19,12,11,12,19,15,20,16,17
17,15,20,14,14,13,13,20,18,12,14,12,16,14,13,13,19,11,17,14
13,17,19,12,19,14,16,18,15,14,16,11,17,16,19,12,19,18,15,18
10,20,14,16,13,17,19,18,17,19,19,12,19,12,16,20,20,10,13,11
12,16,17,11,20,15,16,12,14,11,17,14,13,18,19,13,20,20,17,16
19,19,18,20,17,11,13,19,19,16,20,12,12,16,19,14,18,12,16,14
15,12,18,20,15,11,12,14,18,13,19,13,12,15,10,15,20,19,17,15
14,11,19,17,13,15,13,18,13,12,16,14,12,14,19,15,20,11,18,17

The sequence dependent setup time of each job processed on machine 2.
(Where rows denote jobs: 1 to 20 and columns denote jobs: 0 to 20.For example:The value of Sijk is in row j,column i+1.)
12,20,14,15,12,16,17,13,11,20,12,11,19,11,16,17,12,10,11,20
11,18,11,14,13,19,20,20,13,11,16,12,13,11,15,14,12,15,14,17
18,15,20,16,12,20,14,11,14,16,16,17,20,11,12,10,14,18,12,19
12,18,13,20,17,13,14,14,11,19,14,11,18,17,15,14,15,10,20,18
18,18,14,14,15,16,10,20,14,17,20,14,16,20,18,14,20,16,16,14
19,10,11,12,18,16,10,16,10,11,16,14,11,12,20,19,18,16,17,17
18,19,11,19,10,10,16,14,11,18,16,16,10,15,14,10,20,16,14,14
14,15,19,18,15,14,20,20,10,13,16,17,17,19,13,20,18,10,16,20
15,13,11,16,11,11,12,14,14,16,17,17,11,15,14,17,17,12,13,17
16,14,17,14,19,13,12,19,10,18,10,14,14,11,12,12,11,19,18,11
11,18,14,19,13,11,16,20,16,10,10,12,14,10,12,14,20,12,14,11
11,18,17,19,13,11,19,16,10,16,17,18,18,13,15,14,11,14,10,17
12,10,16,17,15,20,15,12,15,17,11,20,12,16,15,10,17,12,19,10
10,13,10,15,19,20,18,17,18,11,15,13,12,20,14,17,14,18,11,17
13,14,19,13,20,19,13,11,20,10,18,12,16,16,12,18,19,19,13,11
13,16,13,18,10,13,10,17,12,10,12,19,19,19,11,17,20,19,14,20
18,16,11,19,12,18,13,19,11,19,13,18,12,17,15,18,20,18,13,16
15,20,12,10,15,20,16,11,16,18,16,13,11,20,15,18,11,18,19,18
11,12,18,20,10,17,19,19,10,15,17,16,19,11,11,15,18,10,11,20
14,13,14,19,17,18,17,12,13,16,12,19,13,10,13,16,20,16,11,16
19,20,16,13,13,15,10,20,19,18,10,19,10,13,11,13,11,17,18,10

The sequence dependent setup time of each job processed on machine 3.
(Where rows denote jobs: 1 to 20 and columns denote jobs: 0 to 20.For example:The value of Sijk is in row j,column i+1.)
13,12,10,19,20,19,13,11,10,11,13,10,10,14,11,16,11,12,10,20
18,10,20,20,19,12,12,14,18,10,16,19,17,20,19,16,20,13,11,15
11,10,11,20,19,11,18,16,12,11,18,11,20,19,14,20,20,14,15,12
15,10,14,11,18,16,18,16,16,19,19,19,15,15,17,14,18,16,18,10
15,11,13,16,20,15,14,12,11,19,14,17,14,17,20,14,17,12,17,17
20,18,13,17,17,13,18,15,11,15,19,14,13,18,14,18,20,14,15,19
17,13,19,19,17,18,19,10,16,10,10,17,16,12,20,20,14,15,17,16
12,15,10,13,18,16,16,11,19,16,11,17,10,20,15,18,13,16,15,10
15,20,19,13,15,18,10,12,11,11,11,14,20,19,18,20,14,12,10,20
13,15,15,17,10,17,14,13,15,15,12,13,19,10,14,10,20,14,11,10
16,13,10,16,18,13,11,13,19,10,18,17,14,10,16,10,16,17,15,11
20,20,13,14,11,12,13,14,10,20,14,11,14,12,11,18,15,14,17,18
16,12,10,14,14,16,19,14,11,12,17,18,11,20,14,20,14,15,10,18
16,16,20,11,10,20,16,10,16,19,12,17,18,13,18,18,12,19,20,16
13,14,14,19,14,13,14,14,11,13,11,18,14,17,14,17,11,19,17,16
14,10,19,14,17,10,10,18,16,15,14,12,19,12,16,11,14,16,18,15
18,19,10,19,15,20,10,11,11,11,12,13,15,11,12,10,12,18,14,10
18,15,10,12,14,10,19,10,18,13,14,16,14,12,14,20,10,16,18,17
14,12,10,14,19,11,20,18,10,19,12,20,10,11,16,14,11,20,19,16
14,17,18,15,11,20,15,14,15,14,18,10,17,19,13,12,10,11,15,19
10,13,11,10,10,20,17,13,19,13,14,16,14,19,19,15,16,15,13,11

