The number of jobs:
20
The number of machines:
3
The number of vehicles:
4
The number of workers:
3

The processing time of each order processed on different machines:
(where rows denote machines: 1 to 3 and columns denote orders: 1 to 
20)
40,21,22,25,21,31,20,34,22,25,27,26,39,26,25,31,39,23,29,26
29,27,27,30,25,30,25,39,24,30,37,24,26,35,28,39,39,37,20,35
39,36,33,21,33,30,21,36,32,36,34,32,36,31,23,21,34,20,34,36

The coefficient of each worker on each machine:
(where rows denote workers: 1 to 3 and columns denote machines: 1 to 
3)
0.75,1,1
1.25,0.75,1.5
1.25,0.75,1

The unit processing cost of machines:

10,7,9

The unit idle cost of machines:

5,5,2

The distance between each location:
(where rows and columns denote locations: 0 to 20)
0,90,97,108,80,44,50,51,81,133,92,87,59,67,104,79,87,30,25,33,64
90,0,142,188,170,133,120,43,171,112,131,175,136,128,102,157,141,65,65,95,153
97,142,0,177,120,105,142,103,121,225,188,102,58,160,62,156,181,91,108,65,107
108,188,177,0,61,74,68,157,61,167,87,87,119,65,207,31,66,138,127,131,71
80,170,120,61,0,36,72,130,1,187,116,27,63,83,160,54,98,108,105,88,17
44,133,105,74,36,0,47,94,37,158,95,49,49,62,133,50,82,72,68,58,21
50,120,142,68,72,47,0,92,73,115,49,93,92,17,155,38,38,76,61,81,64
51,43,103,157,130,94,92,0,131,127,118,133,93,105,79,126,122,22,30,52,113
81,171,121,61,1,37,73,131,0,188,117,26,64,83,161,54,99,109,106,89,18
133,112,225,167,187,158,115,127,188,0,80,206,192,107,205,144,100,134,117,161,178
92,131,188,87,116,95,49,118,117,80,0,139,140,34,192,66,20,110,92,124,111
87,175,102,87,27,49,93,133,26,206,139,0,50,105,149,80,123,111,112,85,29
59,136,58,119,63,49,92,93,64,192,140,50,0,109,99,99,129,72,80,41,49
67,128,160,65,83,62,17,105,83,107,34,105,109,0,171,37,21,91,75,98,77
104,102,62,207,160,133,155,79,161,205,192,149,99,171,0,180,190,81,100,76,143
79,157,156,31,54,50,38,126,54,144,66,80,99,37,180,0,47,108,96,103,55
87,141,181,66,98,82,38,122,99,100,20,123,129,21,190,47,0,110,93,119,95
30,65,91,138,108,72,76,22,109,134,110,111,72,91,81,108,110,0,19,32,91
25,65,108,127,105,68,61,30,106,117,92,112,80,75,100,96,93,19,0,45,89
33,95,65,131,88,58,81,52,89,161,124,85,41,98,76,103,119,32,45,0,71
64,153,107,71,17,21,64,113,18,178,111,29,49,77,143,55,95,91,89,71,0

The weight of orders:
12,19,18,12,10,13,17,13,13,17,16,13,16,13,19,11,17,14,12,18

The unit tardiness penalty of orders:

7,10,9,9,10,8,6,8,7,9,9,7,7,10,10,6,6,8,7,6

The due date of orders:
246,221,416,403,184,418,133,530,326,485,213,160,223,503,450,448,196,422,569,212

the loading and unloading time of each order:
3,5,5,3,3,3,4,3,3,4,4,3,4,3,5,3,4,4,3,5

The sequence dependent setup time of each job processed on machine 1.
(Where rows denote jobs: 1 to 20 and columns denote jobs: 0 to 20.For example:The value of Sijk is in row j,column i+1.)
13,11,17,15,14,15,15,10,16,11,17,20,18,12,15,10,19,13,14,14
20,19,14,19,18,10,15,13,19,20,18,10,20,18,12,17,19,11,16,16
11,13,19,20,12,20,10,18,18,19,12,20,19,18,19,15,18,16,14,14
12,17,20,11,11,20,10,14,13,15,20,18,10,15,10,15,18,14,17,20
15,12,11,11,14,18,19,17,17,11,20,16,18,13,15,12,15,11,15,13
17,14,18,14,12,15,14,20,10,18,18,14,14,17,11,11,18,15,10,12
11,15,12,20,10,15,17,19,19,13,20,11,19,15,10,13,15,12,13,19
11,12,11,15,10,20,12,13,16,17,16,14,16,16,11,15,15,19,10,15
20,20,18,16,15,18,12,19,13,19,15,18,11,17,16,19,14,11,18,17
11,20,16,16,11,14,16,16,10,15,10,17,19,10,10,11,17,11,17,13
14,10,15,10,19,20,20,14,17,20,20,10,10,20,15,16,12,18,12,14
18,15,19,15,20,15,17,10,14,11,15,13,16,14,11,17,12,15,16,13
18,19,18,15,15,16,18,10,17,12,13,15,17,20,11,16,17,14,19,12
20,13,19,13,15,15,10,18,14,20,13,12,14,11,17,20,12,14,17,16
16,10,13,12,15,12,17,13,18,12,15,13,14,11,17,20,12,19,12,15
13,15,11,13,16,19,17,20,19,11,11,10,14,20,18,17,17,16,12,13
20,10,10,18,20,17,12,18,14,13,14,11,15,18,14,11,13,19,19,19
16,10,15,15,18,10,19,10,20,13,16,10,12,17,13,12,13,18,12,10
14,10,15,16,18,12,11,19,14,11,17,12,17,17,20,12,15,11,20,18
20,19,12,19,11,20,11,10,12,15,18,13,12,19,11,19,12,14,12,13
14,14,16,10,17,12,15,14,10,13,13,13,19,10,10,14,13,12,19,11

The sequence dependent setup time of each job processed on machine 2.
(Where rows denote jobs: 1 to 20 and columns denote jobs: 0 to 20.For example:The value of Sijk is in row j,column i+1.)
11,10,10,11,18,20,15,12,18,18,12,20,18,15,16,17,19,10,17,20
12,17,19,13,12,13,15,19,18,18,16,11,19,10,20,14,19,17,10,17
18,10,16,18,20,16,17,20,13,11,20,17,15,15,20,13,10,11,11,11
17,14,14,13,10,19,17,12,19,19,12,17,17,19,17,13,16,20,19,13
18,20,14,10,11,11,20,16,18,10,15,18,20,20,18,19,20,17,10,13
17,18,14,17,14,16,20,10,18,14,12,18,17,16,15,20,13,10,14,12
15,18,15,17,14,20,13,17,14,19,14,16,15,19,14,16,16,11,10,11
17,13,10,19,15,10,16,17,14,10,13,16,12,20,12,19,18,18,13,13
19,14,12,15,13,20,20,16,19,11,11,15,15,10,11,20,20,14,14,13
12,13,18,11,12,17,16,14,19,18,15,14,19,16,11,12,16,11,13,10
17,19,11,11,14,12,14,20,19,12,11,12,11,14,13,15,12,13,10,15
18,10,12,19,19,13,13,20,17,14,16,13,18,16,14,11,19,19,13,15
20,10,19,11,13,11,12,11,10,17,12,16,16,17,13,11,12,16,15,13
13,13,16,12,13,17,15,10,15,19,20,20,18,10,16,11,19,10,12,13
14,13,12,16,19,16,20,20,12,20,11,13,18,20,16,16,16,18,11,15
12,17,11,16,11,10,13,14,19,14,20,17,11,16,11,12,17,20,10,16
10,11,11,13,10,11,11,18,20,14,14,18,16,12,14,16,19,17,19,20
11,11,15,11,10,18,20,16,13,14,13,20,14,18,18,11,12,18,16,14
19,13,12,12,16,18,16,11,13,15,14,10,12,16,11,17,19,12,19,11
20,15,18,14,15,18,15,18,13,19,19,20,20,10,14,20,11,17,13,15
19,12,10,16,19,13,15,14,15,15,17,18,16,11,10,12,18,13,19,15

The sequence dependent setup time of each job processed on machine 3.
(Where rows denote jobs: 1 to 20 and columns denote jobs: 0 to 20.For example:The value of Sijk is in row j,column i+1.)
13,10,14,14,18,16,11,10,16,14,15,13,19,11,15,18,18,11,14,12
15,17,10,18,15,10,15,13,20,14,20,14,17,18,19,14,10,12,20,12
19,11,15,14,17,12,18,17,15,18,11,20,12,14,15,20,12,16,12,13
17,12,19,13,13,15,12,10,14,18,17,18,18,10,12,17,17,13,17,19
15,10,18,16,14,13,12,14,11,11,12,10,19,11,17,18,19,11,17,16
16,18,20,11,13,20,10,12,16,20,19,11,20,17,11,17,13,18,10,18
13,14,11,20,12,17,19,16,14,12,20,17,11,10,15,14,16,13,15,17
20,12,12,10,12,20,17,18,14,16,10,12,14,16,16,16,12,11,19,13
11,18,16,17,17,10,18,14,17,19,11,10,10,11,11,19,14,12,20,18
20,16,20,12,12,16,14,14,16,18,16,12,16,19,18,12,10,14,11,17
17,20,17,20,10,19,20,16,12,16,11,17,18,13,17,10,14,18,10,12
11,15,19,19,20,16,10,15,13,11,17,18,15,10,10,16,13,16,20,12
14,16,20,14,13,17,15,15,15,18,16,18,11,20,17,14,19,16,20,11
12,12,17,16,19,11,13,18,19,16,13,12,17,10,16,18,17,20,14,18
15,18,11,20,20,13,15,12,10,15,20,12,17,18,20,11,14,17,17,15
13,19,15,16,12,19,13,17,16,17,20,16,19,19,16,14,15,10,14,20
14,20,17,13,17,14,14,15,13,13,10,13,20,17,15,15,19,16,20,15
17,11,10,16,13,20,10,19,11,14,17,13,20,11,17,18,20,12,12,14
19,10,18,20,11,19,16,15,16,11,13,13,18,12,13,18,14,12,20,14
19,16,18,14,11,16,14,18,20,11,17,14,13,20,13,15,17,17,10,15
13,14,10,12,18,10,15,20,10,12,12,18,20,15,20,18,11,17,12,11

