The number of factories:
2
The number of jobs:
20
The number of machines:
4
The number of vehicles:
3
The number of workers:
2

The factory where machine i is located:
1,1,2,2

The vehicle which belong to factory 1:
1,2
The vehicle which belong to factory 2:
3

The processing time of each order processed on different machines:
(where rows denote orders: 1 to 20 and columns denote machines: 1 to 
4)
28,32,35,26,20,34,33,22,27,38,39,34,24,21,32,33,29,21,38,38
26,33,25,28,38,26,40,31,37,21,36,39,25,20,40,39,28,37,37,33
36,24,31,21,20,35,38,27,21,34,30,27,32,32,29,39,25,26,24,39
28,33,38,31,27,39,37,38,28,28,28,20,37,26,37,34,22,40,23,37

The coefficient of each worker on each machine:
(where rows denote workers: 1 to 2 and columns denote machines: 1 to 
4)
0.5,1,1.25,0.5
1.25,1.25,0.5,1.25

The unit processing cost of machines:

7,6,6,8

The unit idle cost of machines:

2,3,1,5

The distance between each location:
(where rows and columns denote locations from factory 1 to customers)
0,154,51,90,94,76,109,39,152,158,126,79,72,35,167,151,89,145,83,195,30
154,0,140,187,78,79,46,141,84,40,200,129,165,132,120,153,87,21,115,135,126
51,140,0,54,65,69,98,12,113,131,83,114,30,21,121,100,57,138,37,148,53
90,187,54,0,110,121,149,61,140,171,38,164,24,73,134,96,100,188,73,158,104
94,78,65,110,0,36,44,69,61,67,125,112,88,63,85,94,9,80,38,111,73
76,79,69,121,36,0,33,66,94,85,145,77,98,56,121,127,39,72,60,146,48
109,46,98,149,44,33,0,97,83,59,167,93,126,88,116,135,52,40,80,138,80
39,141,12,61,69,66,97,0,121,135,93,104,39,12,131,112,62,137,46,158,43
152,84,113,140,61,94,83,121,0,47,139,170,124,119,36,74,63,100,76,55,133
158,40,131,171,67,85,59,135,47,0,177,152,151,129,82,119,74,59,99,95,133
126,200,83,38,125,145,167,93,139,177,0,197,54,104,123,77,115,205,87,143,136
79,129,114,164,112,77,93,104,170,152,197,0,143,93,197,200,114,111,127,223,61
72,165,30,24,88,98,126,39,124,151,54,143,0,50,124,92,79,165,52,149,82
35,132,21,73,63,56,88,12,119,129,104,93,50,0,132,118,57,127,48,160,32
167,120,121,134,85,121,116,131,36,82,123,197,124,132,0,48,84,136,85,27,153
151,153,100,96,94,127,135,112,74,119,77,200,92,118,48,0,88,164,73,66,146
89,87,57,100,9,39,52,62,63,74,115,114,79,57,84,88,0,89,29,111,70
145,21,138,188,80,72,40,137,100,59,205,111,165,127,136,164,89,0,118,153,116
83,115,37,73,38,60,80,46,76,99,87,127,52,48,85,73,29,118,0,112,73
195,135,148,158,111,146,138,158,55,95,143,223,149,160,27,66,111,153,112,0,180
30,126,53,104,73,48,80,43,133,133,136,61,82,32,153,146,70,116,73,180,0
The distance between each location:
(where rows and columns denote locations from factory 2 to customers)
0,128,101,110,77,112,114,112,47,93,99,188,100,115,25,27,73,140,67,49,139
128,0,140,187,78,79,46,141,84,40,200,129,165,132,120,153,87,21,115,135,126
101,140,0,54,65,69,98,12,113,131,83,114,30,21,121,100,57,138,37,148,53
110,187,54,0,110,121,149,61,140,171,38,164,24,73,134,96,100,188,73,158,104
77,78,65,110,0,36,44,69,61,67,125,112,88,63,85,94,9,80,38,111,73
112,79,69,121,36,0,33,66,94,85,145,77,98,56,121,127,39,72,60,146,48
114,46,98,149,44,33,0,97,83,59,167,93,126,88,116,135,52,40,80,138,80
112,141,12,61,69,66,97,0,121,135,93,104,39,12,131,112,62,137,46,158,43
47,84,113,140,61,94,83,121,0,47,139,170,124,119,36,74,63,100,76,55,133
93,40,131,171,67,85,59,135,47,0,177,152,151,129,82,119,74,59,99,95,133
99,200,83,38,125,145,167,93,139,177,0,197,54,104,123,77,115,205,87,143,136
188,129,114,164,112,77,93,104,170,152,197,0,143,93,197,200,114,111,127,223,61
100,165,30,24,88,98,126,39,124,151,54,143,0,50,124,92,79,165,52,149,82
115,132,21,73,63,56,88,12,119,129,104,93,50,0,132,118,57,127,48,160,32
25,120,121,134,85,121,116,131,36,82,123,197,124,132,0,48,84,136,85,27,153
27,153,100,96,94,127,135,112,74,119,77,200,92,118,48,0,88,164,73,66,146
73,87,57,100,9,39,52,62,63,74,115,114,79,57,84,88,0,89,29,111,70
140,21,138,188,80,72,40,137,100,59,205,111,165,127,136,164,89,0,118,153,116
67,115,37,73,38,60,80,46,76,99,87,127,52,48,85,73,29,118,0,112,73
49,135,148,158,111,146,138,158,55,95,143,223,149,160,27,66,111,153,112,0,180
139,126,53,104,73,48,80,43,133,133,136,61,82,32,153,146,70,116,73,180,0

The weight of orders:
19,19,17,16,15,15,15,14,17,11,10,13,19,12,13,11,17,19,15,17

The unit tardiness penalty of orders:

8,6,6,10,7,8,7,8,7,8,9,8,9,9,7,7,8,10,9,6

The due date of orders:
682,347,342,363,272,508,168,383,610,930,293,705,823,987,293,322,528,628,610,129

the loading and unloading time of each order:
5,5,4,4,4,4,4,4,4,3,3,3,5,3,3,3,4,5,4,4

The sequence dependent setup time of each job processed on machine 1.
(Where rows denote jobs: 1 to 20 and columns denote jobs: 0 to 20.For example:The value of Sijk is in row j,column i+1.)
15,17,18,11,18,10,11,12,16,10,17,15,12,16,20,12,13,17,17,13
14,19,19,12,17,13,12,16,17,18,10,19,17,14,17,10,13,12,18,16
16,20,19,14,16,12,14,19,14,15,15,13,11,16,17,13,14,13,12,18
12,19,12,12,15,16,16,18,13,16,18,13,13,20,17,16,15,18,10,18
12,15,13,19,14,10,19,10,12,16,11,20,15,20,10,20,19,20,20,19
20,10,18,10,15,19,17,10,16,20,20,16,18,17,18,12,12,19,13,15
20,16,16,18,16,13,20,12,15,17,13,16,15,17,16,18,14,14,13,19
16,11,13,20,10,11,18,10,14,11,10,18,12,13,20,11,14,10,18,10
19,20,10,20,17,12,15,20,12,10,19,20,12,15,20,11,10,20,15,14
16,16,10,18,14,20,15,10,19,18,15,15,16,10,16,14,11,14,15,14
20,19,12,12,16,14,10,19,16,20,19,18,16,10,19,18,18,12,19,13
16,17,12,14,20,17,15,16,20,11,13,12,10,17,13,12,16,13,11,20
14,14,20,17,10,18,19,11,14,11,14,20,17,13,20,20,19,17,13,15
15,13,10,10,14,11,11,12,13,17,10,12,10,15,15,13,16,13,18,16
19,18,17,14,17,18,16,14,20,12,17,14,19,20,17,14,17,15,12,11
18,18,18,15,19,11,14,18,16,12,19,19,20,14,17,20,20,14,17,13
16,16,11,11,16,15,16,11,15,17,18,13,14,12,11,16,11,20,17,12
15,14,11,12,14,19,12,15,19,16,10,19,19,13,16,13,11,17,11,16
20,17,17,12,18,18,13,14,19,16,12,10,10,12,17,10,20,14,13,13
14,18,10,20,19,11,19,12,19,13,14,19,11,12,15,12,13,14,13,16
14,11,12,17,13,12,19,17,11,15,11,18,17,12,11,16,14,18,12,20

The sequence dependent setup time of each job processed on machine 2.
(Where rows denote jobs: 1 to 20 and columns denote jobs: 0 to 20.For example:The value of Sijk is in row j,column i+1.)
10,14,14,17,11,16,18,18,16,19,20,11,16,14,16,10,13,11,12,15
12,11,17,12,16,18,14,16,19,15,18,12,15,19,11,18,19,17,12,16
10,19,11,17,12,19,10,10,19,19,15,17,11,10,15,17,16,20,12,19
17,13,11,14,11,19,18,13,12,20,16,18,18,17,13,19,17,12,10,12
15,20,13,18,15,13,11,12,16,15,16,19,18,12,14,19,14,16,15,14
15,18,16,12,19,20,20,14,20,19,19,18,18,17,17,20,14,19,18,12
11,18,16,17,19,11,16,17,14,15,12,15,12,14,18,11,11,11,20,17
20,14,17,20,20,20,11,12,12,19,19,15,19,14,10,19,17,20,19,13
15,12,19,15,12,15,15,14,20,18,16,10,20,12,17,11,17,14,11,13
11,11,11,19,16,12,17,15,11,10,19,19,13,11,15,10,19,12,18,11
20,14,10,11,11,20,12,14,16,12,16,11,14,17,16,13,14,16,16,16
13,15,13,17,12,15,15,12,16,10,14,15,14,17,18,11,13,14,20,19
19,14,18,19,11,18,18,10,15,12,17,20,20,10,12,12,11,14,16,16
19,12,19,15,12,17,10,14,13,15,10,11,17,13,13,11,10,13,13,19
16,14,13,14,18,13,18,14,15,20,12,11,15,15,10,15,18,18,18,15
12,11,13,11,13,14,18,11,11,13,10,18,17,14,20,19,10,17,18,12
16,14,13,19,14,20,12,12,10,14,16,14,17,13,14,19,17,14,17,15
18,10,11,17,11,16,17,11,12,15,16,18,16,20,13,17,16,20,12,18
18,12,15,13,19,15,17,16,18,13,14,10,16,15,11,14,14,15,17,18
17,14,10,20,17,10,13,12,17,13,19,12,19,20,12,20,18,15,18,10
13,19,19,17,17,20,17,14,10,14,11,18,14,13,15,14,16,17,11,11

The sequence dependent setup time of each job processed on machine 3.
(Where rows denote jobs: 1 to 20 and columns denote jobs: 0 to 20.For example:The value of Sijk is in row j,column i+1.)
15,14,19,18,15,14,10,12,12,11,20,13,10,14,11,13,19,10,19,13
14,17,15,20,20,17,10,12,19,15,11,19,10,10,18,19,15,12,17,15
18,17,16,14,11,16,15,19,19,12,12,15,16,13,12,16,13,20,10,19
14,11,17,16,17,10,11,15,19,11,12,13,16,20,20,11,15,12,14,16
17,13,17,12,12,16,18,13,13,14,18,16,12,14,10,14,20,10,18,14
10,16,10,14,19,16,19,16,19,20,18,20,19,20,17,18,17,15,13,10
13,18,18,11,10,12,16,15,18,20,17,15,15,12,20,10,17,12,11,13
11,18,17,12,17,18,13,12,12,12,10,16,20,20,14,17,12,12,14,12
18,20,16,10,20,12,17,14,20,14,10,16,15,18,19,12,12,12,18,13
16,10,16,15,10,13,19,14,18,17,20,13,15,10,18,20,12,18,10,13
18,11,11,13,10,18,18,11,13,11,19,14,20,13,19,19,19,19,13,12
15,14,13,10,14,15,17,19,14,13,13,11,16,13,16,16,17,11,19,11
20,20,20,12,17,18,12,20,11,18,10,17,11,17,15,19,12,18,18,17
17,14,19,19,14,10,16,11,12,16,13,17,15,11,19,20,11,11,15,19
15,13,20,14,14,10,11,20,16,15,18,18,15,14,10,10,13,18,13,18
20,12,13,15,18,19,11,19,12,14,16,12,18,11,11,18,20,14,20,13
19,11,14,19,13,10,12,17,18,16,19,14,16,13,17,11,12,20,17,15
10,20,15,11,10,19,16,18,12,13,12,18,15,19,20,17,19,16,12,20
20,11,19,12,12,20,18,19,17,12,18,16,20,19,20,14,15,11,10,11
17,13,16,12,13,14,10,15,11,12,16,17,10,17,19,10,12,15,13,12
15,19,20,19,14,18,16,13,14,19,10,17,19,15,17,15,12,12,10,14

The sequence dependent setup time of each job processed on machine 4.
(Where rows denote jobs: 1 to 20 and columns denote jobs: 0 to 20.For example:The value of Sijk is in row j,column i+1.)
14,13,11,12,16,16,11,18,15,12,20,12,12,20,12,16,13,18,18,16
11,11,17,20,16,11,10,13,13,15,14,18,14,19,11,17,16,11,10,10
14,10,17,11,19,15,20,18,15,10,12,18,10,18,19,13,12,19,18,10
13,10,17,16,11,14,20,17,12,10,16,11,18,13,11,10,18,15,17,20
20,12,20,14,17,11,10,11,18,11,14,12,19,15,16,19,19,15,20,17
15,11,20,12,19,10,14,16,14,14,16,10,10,11,13,10,17,15,10,20
12,11,13,20,20,20,10,17,14,16,14,15,12,19,20,12,18,12,12,10
10,12,11,11,11,14,15,15,17,10,12,17,17,12,20,18,18,15,17,10
10,16,17,18,10,20,13,20,12,15,11,20,16,14,15,16,12,11,16,11
15,14,15,10,15,11,18,12,13,17,11,13,20,18,15,16,13,10,16,12
12,16,11,16,15,16,18,19,19,19,14,19,12,13,18,19,18,16,19,18
20,10,12,12,15,12,19,17,12,13,14,18,14,20,17,18,14,20,10,17
11,17,20,16,17,18,18,10,17,16,17,13,20,12,19,20,19,19,20,20
10,19,14,15,12,18,19,15,20,14,13,15,17,13,17,16,17,19,18,15
15,20,12,20,16,14,15,11,17,12,11,10,10,14,10,20,10,14,12,12
13,15,10,19,18,15,12,12,12,11,12,19,19,16,11,13,17,11,10,15
15,15,19,19,16,15,18,10,20,19,11,19,11,19,17,20,14,13,15,19
13,15,12,19,16,17,10,14,18,20,19,11,12,13,12,10,15,11,12,20
15,13,10,13,17,19,20,13,10,11,15,19,15,14,18,10,13,14,13,15
14,20,10,12,12,19,11,13,12,10,14,20,13,12,10,17,15,16,15,18
13,10,20,16,18,13,10,18,20,15,12,19,11,16,14,18,15,18,14,11

