The number of factories:
2
The number of jobs:
20
The number of machines:
5
The number of vehicles:
4
The number of workers:
2

The factory where machine i is located:
1,2,2,2,2

The vehicle which belong to factory 1:
1
The vehicle which belong to factory 2:
2,3,4

The processing time of each order processed on different machines:
(where rows denote orders: 1 to 20 and columns denote machines: 1 to 
5)
23,31,32,24,37,28,36,38,33,22,37,33,26,39,35,36,40,24,40,36
31,39,37,21,24,39,23,30,39,36,31,32,23,28,25,20,36,37,27,35
30,40,23,39,36,21,31,21,20,28,31,37,40,37,23,20,38,29,30,33
40,24,26,35,36,30,29,29,26,36,30,39,40,30,31,29,20,40,24,28
33,25,37,38,20,28,23,30,27,22,40,38,32,22,28,21,23,34,37,33

The coefficient of each worker on each machine:
(where rows denote workers: 1 to 2 and columns denote machines: 1 to 
5)
1,1,0.75,1.5,1.5
0.5,1,1.5,1,1.5

The unit processing cost of machines:

9,9,8,7,10

The unit idle cost of machines:

4,4,3,4,1

The distance between each location:
(where rows and columns denote locations from factory 1 to customers)
0,24,171,117,122,121,153,131,52,116,46,77,115,160,100,179,103,42,144,165,169
24,0,147,98,99,111,129,116,73,92,38,90,91,136,82,155,84,66,135,143,146
171,147,0,81,49,132,18,100,213,68,143,205,58,16,94,8,91,213,144,36,2
117,98,81,0,53,53,70,27,145,82,76,129,60,81,17,89,15,155,70,57,79
122,99,49,53,0,105,31,79,165,33,96,161,13,39,58,56,55,164,123,53,47
121,111,132,53,105,0,123,34,130,131,75,99,111,134,48,139,51,148,24,102,130
153,129,18,70,31,123,0,92,195,51,126,190,40,11,81,26,77,195,137,39,17
131,116,100,27,79,34,92,0,151,109,86,127,88,103,35,107,35,165,45,68,98
52,73,213,145,165,130,195,151,0,164,71,44,159,204,128,220,131,31,148,199,210
116,92,68,82,33,131,51,109,164,0,103,170,22,53,82,74,80,158,151,84,67
46,38,143,76,96,75,126,86,71,103,0,67,93,135,58,151,61,79,98,129,141
77,90,205,129,161,99,190,127,44,170,67,0,159,199,112,213,116,74,113,185,203
115,91,58,60,13,111,40,88,159,22,93,159,0,45,63,65,60,157,130,66,56
160,136,16,81,39,134,11,103,204,53,135,199,45,0,92,21,88,202,148,47,16
100,82,94,17,58,48,81,35,128,82,58,112,63,92,0,102,4,137,70,73,92
179,155,8,89,56,139,26,107,220,74,151,213,65,21,102,0,98,220,151,41,10
103,84,91,15,55,51,77,35,131,80,61,116,60,88,4,98,0,140,72,70,89
42,66,213,155,164,148,195,165,31,158,79,74,157,202,137,220,140,0,169,205,211
144,135,144,70,123,24,137,45,148,151,98,113,130,148,70,151,72,169,0,111,142
165,143,36,57,53,102,39,68,199,84,129,185,66,47,73,41,70,205,111,0,35
169,146,2,79,47,130,17,98,210,67,141,203,56,16,92,10,89,211,142,35,0
The distance between each location:
(where rows and columns denote locations from factory 2 to customers)
0,71,192,163,147,182,174,184,106,125,108,142,135,177,150,198,151,79,206,198,191
71,0,147,98,99,111,129,116,73,92,38,90,91,136,82,155,84,66,135,143,146
192,147,0,81,49,132,18,100,213,68,143,205,58,16,94,8,91,213,144,36,2
163,98,81,0,53,53,70,27,145,82,76,129,60,81,17,89,15,155,70,57,79
147,99,49,53,0,105,31,79,165,33,96,161,13,39,58,56,55,164,123,53,47
182,111,132,53,105,0,123,34,130,131,75,99,111,134,48,139,51,148,24,102,130
174,129,18,70,31,123,0,92,195,51,126,190,40,11,81,26,77,195,137,39,17
184,116,100,27,79,34,92,0,151,109,86,127,88,103,35,107,35,165,45,68,98
106,73,213,145,165,130,195,151,0,164,71,44,159,204,128,220,131,31,148,199,210
125,92,68,82,33,131,51,109,164,0,103,170,22,53,82,74,80,158,151,84,67
108,38,143,76,96,75,126,86,71,103,0,67,93,135,58,151,61,79,98,129,141
142,90,205,129,161,99,190,127,44,170,67,0,159,199,112,213,116,74,113,185,203
135,91,58,60,13,111,40,88,159,22,93,159,0,45,63,65,60,157,130,66,56
177,136,16,81,39,134,11,103,204,53,135,199,45,0,92,21,88,202,148,47,16
150,82,94,17,58,48,81,35,128,82,58,112,63,92,0,102,4,137,70,73,92
198,155,8,89,56,139,26,107,220,74,151,213,65,21,102,0,98,220,151,41,10
151,84,91,15,55,51,77,35,131,80,61,116,60,88,4,98,0,140,72,70,89
79,66,213,155,164,148,195,165,31,158,79,74,157,202,137,220,140,0,169,205,211
206,135,144,70,123,24,137,45,148,151,98,113,130,148,70,151,72,169,0,111,142
198,143,36,57,53,102,39,68,199,84,129,185,66,47,73,41,70,205,111,0,35
191,146,2,79,47,130,17,98,210,67,141,203,56,16,92,10,89,211,142,35,0

The weight of orders:
11,12,15,10,19,20,14,13,18,14,13,18,18,19,14,14,17,15,14,11

The unit tardiness penalty of orders:

8,7,9,8,10,10,7,6,8,7,7,6,9,8,8,7,10,9,8,7

The due date of orders:
684,632,329,813,517,898,602,292,795,581,556,213,282,619,447,527,552,236,732,771

the loading and unloading time of each order:
3,3,4,3,5,5,4,3,5,4,3,5,5,5,4,4,4,4,4,3

The sequence dependent setup time of each job processed on machine 1.
(Where rows denote jobs: 1 to 20 and columns denote jobs: 0 to 20.For example:The value of Sijk is in row j,column i+1.)
12,19,18,12,16,17,11,18,12,11,11,10,16,12,14,14,20,17,11,17
10,19,18,14,14,11,19,20,12,17,17,16,19,16,20,14,10,13,20,19
12,14,19,13,12,14,13,11,15,11,12,18,20,20,13,12,11,19,16,13
20,20,16,15,13,14,20,12,19,17,16,11,11,14,18,12,15,19,12,11
15,11,14,14,10,17,18,18,15,18,13,18,17,11,18,13,16,11,17,16
13,13,18,12,16,13,20,11,20,20,19,12,10,13,18,13,15,16,18,14
15,12,19,17,17,10,19,17,20,15,20,11,11,14,20,18,16,10,19,11
11,18,19,18,13,13,18,10,16,17,13,18,15,13,12,11,15,18,20,19
18,11,10,12,15,20,14,14,13,11,10,13,16,17,12,12,11,11,11,17
12,18,14,10,20,16,17,17,13,13,20,10,17,12,10,17,20,17,15,12
16,10,20,11,10,10,13,15,10,12,14,18,13,15,12,20,11,13,15,18
16,20,19,20,19,18,20,13,16,12,15,10,11,19,19,18,18,14,17,20
18,18,15,15,11,13,13,18,15,12,14,20,12,16,13,17,15,20,13,13
18,10,11,13,19,17,17,20,16,13,20,16,13,10,16,20,10,10,12,18
14,13,20,12,12,16,20,10,15,11,14,11,19,13,20,10,14,10,20,18
18,17,20,15,11,17,15,18,10,20,13,10,19,10,16,13,12,17,12,17
14,18,11,19,11,17,12,18,20,20,13,17,10,20,18,15,12,17,18,15
13,11,18,10,11,10,11,19,15,20,15,20,19,10,20,13,16,20,10,18
12,17,12,16,11,12,18,11,20,19,18,12,13,16,15,14,14,14,16,13
11,13,14,10,12,16,13,13,16,20,10,20,11,20,14,20,20,17,20,15
20,18,16,10,14,11,12,13,15,14,13,11,12,15,14,16,12,17,17,20

The sequence dependent setup time of each job processed on machine 2.
(Where rows denote jobs: 1 to 20 and columns denote jobs: 0 to 20.For example:The value of Sijk is in row j,column i+1.)
11,19,18,15,16,18,15,17,16,10,18,11,16,17,16,13,11,18,13,12
16,15,14,13,13,20,14,11,16,11,13,14,17,14,14,11,17,10,13,11
20,12,11,15,16,10,11,18,14,12,20,13,19,10,12,18,16,14,19,17
14,19,19,20,14,16,10,19,20,19,20,16,19,16,10,16,19,13,12,10
10,12,11,10,18,18,15,13,10,18,17,12,11,18,18,18,16,19,10,18
15,15,10,13,11,20,11,18,17,10,13,13,13,13,18,17,13,10,11,20
20,13,16,10,11,17,18,15,16,17,14,15,12,14,16,15,12,15,17,10
15,14,11,15,10,16,16,17,13,14,20,19,20,15,18,15,11,16,17,13
13,20,15,16,17,10,20,17,13,18,10,13,12,11,16,16,10,15,14,16
17,14,18,16,20,19,19,10,11,19,19,16,10,19,13,11,10,14,14,16
17,17,18,19,11,18,13,14,14,18,17,15,17,12,12,18,11,14,14,15
18,17,19,20,11,19,12,17,14,11,17,11,18,14,11,14,10,19,15,20
20,19,13,10,13,14,16,12,15,17,18,13,15,14,17,11,10,17,12,15
19,13,12,14,17,13,16,14,10,14,16,11,20,16,13,13,13,19,11,16
17,10,20,20,15,16,13,10,10,13,16,14,16,19,20,12,17,17,16,14
17,18,10,10,16,13,19,11,14,15,13,13,14,10,20,14,13,19,10,11
16,12,20,11,18,13,16,14,10,14,13,10,14,10,11,14,18,17,12,18
17,20,18,17,16,16,14,20,11,12,12,17,17,20,10,18,16,16,20,16
15,18,17,18,14,14,18,18,17,11,20,12,20,19,13,10,15,14,14,15
10,17,14,20,10,10,17,18,20,12,19,11,14,20,15,10,13,14,18,10
20,18,15,17,11,18,17,15,14,11,15,14,19,19,17,19,12,17,13,13

The sequence dependent setup time of each job processed on machine 3.
(Where rows denote jobs: 1 to 20 and columns denote jobs: 0 to 20.For example:The value of Sijk is in row j,column i+1.)
11,17,19,15,19,11,17,12,18,14,17,12,15,14,20,20,10,15,12,15
12,10,11,18,18,15,13,10,19,17,15,14,13,13,20,16,10,18,12,15
13,12,16,18,17,15,10,10,17,15,17,13,10,12,11,17,11,10,12,11
10,15,15,15,17,17,12,13,18,14,19,17,17,16,12,18,14,17,13,11
13,15,12,13,13,14,12,15,20,20,19,15,13,20,10,17,17,13,11,18
19,20,15,16,17,15,19,18,13,15,12,18,11,11,10,12,11,13,20,19
17,11,11,14,12,20,10,18,15,18,13,13,12,18,16,10,19,16,11,11
15,13,11,18,15,17,14,20,18,20,16,16,10,11,12,13,17,18,19,11
16,11,18,15,15,12,11,16,10,15,14,11,18,13,15,15,13,15,17,17
12,19,12,12,13,19,10,12,10,18,15,19,18,20,14,17,15,18,18,10
11,13,11,12,14,10,14,18,17,20,20,11,15,11,11,12,11,19,14,14
14,20,20,14,15,16,18,19,15,11,10,19,18,11,18,10,20,16,11,13
19,14,17,11,15,10,13,15,15,16,19,17,10,12,11,14,14,17,18,14
12,11,20,13,15,18,11,11,16,12,11,20,20,12,10,20,15,14,17,13
14,12,13,11,18,13,12,16,17,11,13,17,13,17,18,10,13,11,11,16
20,14,14,11,17,18,20,16,19,14,13,10,10,10,20,11,11,12,12,12
16,19,11,15,11,16,11,17,16,10,17,18,20,16,10,16,14,19,17,18
16,18,10,11,17,18,20,11,16,13,20,16,12,16,20,11,19,11,16,15
20,20,14,11,18,18,10,19,10,16,18,13,19,20,20,20,19,10,14,14
19,13,11,10,16,19,19,13,13,16,13,16,17,20,18,16,17,10,10,12
10,14,20,12,13,12,14,18,20,17,19,14,12,17,13,10,14,17,20,11

The sequence dependent setup time of each job processed on machine 4.
(Where rows denote jobs: 1 to 20 and columns denote jobs: 0 to 20.For example:The value of Sijk is in row j,column i+1.)
12,11,19,10,11,16,19,10,10,18,14,11,12,20,17,19,11,19,11,14
15,18,17,19,10,20,13,16,15,10,12,18,16,11,18,12,16,10,12,12
11,18,10,13,13,12,13,14,17,16,10,14,13,10,13,12,20,20,18,17
17,16,12,18,20,12,12,14,17,18,19,10,11,19,11,16,11,20,20,12
17,17,13,16,14,13,17,13,13,20,19,19,18,17,10,19,10,15,12,19
20,10,20,10,19,13,18,14,11,16,13,19,19,17,10,14,13,15,18,13
13,18,14,20,20,15,13,19,11,14,15,13,17,13,14,20,10,13,15,12
18,20,15,16,17,15,11,13,17,20,10,10,18,15,14,15,15,13,11,19
17,10,16,16,19,19,14,13,13,11,11,16,11,15,17,20,19,10,13,16
12,19,19,14,11,17,16,14,20,20,10,15,10,15,10,15,10,16,14,17
17,15,18,16,18,16,16,12,15,12,12,12,11,19,10,12,17,19,20,16
18,19,13,18,20,12,18,17,15,11,16,15,13,10,12,18,16,18,15,10
17,10,14,17,16,18,20,17,11,18,10,14,12,15,15,16,10,20,11,18
10,20,17,20,18,19,16,18,12,19,13,18,10,15,11,13,14,15,10,14
15,12,12,13,18,10,14,14,15,14,12,19,18,13,10,10,11,14,13,13
13,16,16,15,11,13,19,20,15,18,10,19,12,10,11,12,11,14,16,12
12,17,18,11,14,16,12,20,16,10,18,10,20,18,11,19,16,16,13,10
10,18,19,14,13,14,19,13,17,19,19,10,19,18,18,18,20,16,15,19
15,10,19,10,17,14,18,17,13,11,11,10,15,19,12,19,11,17,19,13
17,16,19,20,20,14,17,20,14,11,10,10,16,15,12,15,20,19,20,20
18,12,10,16,14,18,17,15,17,19,14,13,20,14,17,17,18,12,10,12

The sequence dependent setup time of each job processed on machine 5.
(Where rows denote jobs: 1 to 20 and columns denote jobs: 0 to 20.For example:The value of Sijk is in row j,column i+1.)
16,14,16,12,20,20,12,10,11,14,16,19,20,14,19,13,12,15,19,17
10,11,15,10,16,14,19,12,18,12,14,12,12,18,19,10,14,10,18,10
13,18,14,13,15,18,15,10,10,10,18,20,11,10,13,20,13,16,19,19
13,15,13,14,15,10,15,16,19,18,18,11,10,10,13,19,20,11,15,13
16,13,10,14,18,18,11,12,19,13,19,12,10,17,18,18,14,18,18,16
15,20,19,17,11,18,19,12,11,20,18,15,10,10,12,20,13,16,12,18
16,12,17,13,11,18,13,18,19,14,15,19,12,14,16,11,11,11,12,20
19,20,14,14,11,19,14,10,14,15,14,10,13,10,18,13,12,17,11,10
13,20,18,15,19,14,18,11,18,14,12,13,18,17,17,12,15,20,11,18
15,19,13,15,17,12,15,10,15,15,12,11,15,14,13,14,12,12,18,14
14,16,13,11,16,11,19,15,13,19,12,16,17,16,11,15,12,12,11,19
18,18,14,20,19,20,11,18,12,10,16,12,15,19,12,17,16,19,12,19
16,12,14,13,20,14,12,19,20,12,17,17,17,17,10,18,12,18,12,19
14,18,10,14,13,15,16,13,19,18,11,11,20,20,11,18,14,11,19,19
19,19,15,16,17,18,11,18,12,10,19,18,13,17,12,18,17,11,19,18
18,14,12,12,12,17,11,16,18,14,13,13,15,13,18,14,13,12,11,15
18,12,10,11,16,17,12,11,20,13,18,15,13,16,16,13,18,18,12,14
15,20,16,14,18,18,17,12,16,17,20,12,12,11,10,15,11,20,18,14
15,19,17,16,20,12,12,17,20,12,16,19,10,20,11,10,18,19,15,17
15,14,20,10,13,20,16,11,10,16,12,19,19,17,17,19,16,13,18,17
20,14,15,16,19,17,12,15,19,19,11,13,16,10,15,13,13,10,11,19

