The number of jobs:
12
The number of machines:
4
The number of vehicles:
2
The number of workers:
2

The processing time of each order processed on different machines:
(where rows denote machines: 1 to 4 and columns denote orders: 1 to 
12)
28,30,39,21,26,32,40,25,30,40,31,31
40,31,38,34,34,26,22,25,25,30,25,39
21,22,29,27,23,24,30,31,32,26,32,37
22,23,31,25,28,24,30,27,30,35,26,22

The coefficient of each worker on each machine:
(where rows denote workers: 1 to 2 and columns denote machines: 1 to 
4)
1.5,1.25,1.5,1
1.25,1,0.5,1.25

The unit processing cost of machines:

10,6,9,6

The unit idle cost of machines:

1,2,3,3

The distance between each location:
(where rows and columns denote locations: 0 to 12)
0,101,123,75,91,134,91,105,84,65,58,102,87
101,0,183,168,176,191,177,129,128,161,154,4,168
123,183,0,160,186,11,55,64,205,151,87,186,187
75,168,160,0,26,171,108,167,78,10,73,168,29
91,176,186,26,0,197,134,189,67,34,99,176,9
134,191,11,171,197,0,65,69,217,162,98,195,198
91,177,55,108,134,65,0,92,164,100,38,179,136
105,129,64,167,189,69,92,0,187,157,102,133,187
84,128,205,78,67,217,164,187,0,78,126,127,58
65,161,151,10,34,162,100,157,78,0,64,161,36
58,154,87,73,99,98,38,102,126,64,0,156,100
102,4,186,168,176,195,179,133,127,161,156,0,168
87,168,187,29,9,198,136,187,58,36,100,168,0

The weight of orders:
10,10,19,13,14,14,18,14,16,15,12,14

The unit tardiness penalty of orders:

9,8,9,10,9,9,9,9,7,10,8,10

The due date of orders:
288,377,273,389,282,350,293,407,351,301,372,343

the loading and unloading time of each order:
3,3,5,3,4,4,5,4,4,4,3,4

The sequence dependent setup time of each job processed on machine 1.
(Where rows denote jobs: 1 to 12 and columns denote jobs: 0 to 12.For example:The value of Sijk is in row j,column i+1.)
12,16,18,13,13,15,11,20,15,10,14,16
20,17,15,12,12,18,18,14,13,14,18,11
20,17,16,20,20,15,14,14,13,17,12,10
14,11,19,12,10,13,15,16,10,12,19,20
19,10,12,17,19,20,13,17,13,15,13,11
20,13,14,13,19,13,16,15,12,14,14,19
18,12,19,18,20,12,10,17,10,17,12,14
14,17,15,17,17,16,16,13,20,14,12,18
15,13,20,15,14,13,19,14,20,14,16,17
18,18,16,17,10,14,10,11,16,10,10,10
19,19,12,18,10,14,16,15,14,15,13,16
18,19,18,15,13,18,17,20,11,18,10,10
19,14,15,15,20,19,17,17,17,19,14,10

The sequence dependent setup time of each job processed on machine 2.
(Where rows denote jobs: 1 to 12 and columns denote jobs: 0 to 12.For example:The value of Sijk is in row j,column i+1.)
16,17,14,17,10,19,13,10,16,17,20,10
11,14,16,16,18,20,13,12,11,19,13,20
13,20,19,11,16,12,17,19,17,20,18,14
11,16,16,13,19,16,16,10,14,15,20,19
19,20,15,17,15,18,20,16,20,17,14,18
15,20,20,11,12,10,15,20,19,10,17,12
13,20,16,12,17,16,14,18,14,19,15,16
11,18,13,20,17,17,12,13,16,20,13,19
16,18,20,18,10,10,10,18,11,20,16,12
16,17,17,10,14,16,10,12,16,10,20,14
11,12,10,16,10,12,13,19,12,14,17,17
12,17,13,18,15,15,11,13,19,19,15,15
15,11,15,13,16,18,20,16,11,10,10,18

The sequence dependent setup time of each job processed on machine 3.
(Where rows denote jobs: 1 to 12 and columns denote jobs: 0 to 12.For example:The value of Sijk is in row j,column i+1.)
19,10,10,19,11,10,10,14,18,20,18,18
19,14,10,15,13,12,18,16,14,15,11,12
17,15,14,14,13,16,12,18,18,19,16,13
13,10,12,15,13,19,20,20,12,10,13,19
20,13,13,10,12,12,16,15,18,19,19,19
10,16,13,16,16,16,20,19,18,15,20,12
16,18,10,13,18,18,20,20,10,10,11,18
20,17,13,14,19,10,13,13,17,14,19,19
10,14,18,11,11,15,10,13,19,10,11,11
20,13,14,17,10,11,11,13,10,16,18,11
17,18,16,17,12,12,18,10,19,11,12,18
10,20,20,16,19,12,13,17,16,18,10,12
15,13,16,12,14,14,14,13,11,16,20,20

The sequence dependent setup time of each job processed on machine 4.
(Where rows denote jobs: 1 to 12 and columns denote jobs: 0 to 12.For example:The value of Sijk is in row j,column i+1.)
10,13,18,18,14,11,12,16,17,20,19,12
12,14,14,12,11,12,15,15,12,20,20,19
15,13,12,14,12,14,11,18,15,12,12,17
15,15,13,18,19,19,11,20,18,12,20,16
15,11,13,13,11,19,15,14,17,20,18,13
15,10,19,16,14,11,13,19,19,19,11,18
11,14,10,14,12,13,16,20,14,18,11,10
19,10,18,14,14,15,16,14,13,12,17,18
14,13,18,17,12,14,17,19,15,12,15,19
17,13,14,11,18,14,11,20,15,15,13,13
16,16,20,18,18,11,19,13,10,17,19,12
19,18,11,13,17,18,15,14,14,16,19,20
18,12,15,19,20,13,19,19,18,13,19,10

