The number of factories:
2
The number of jobs:
10
The number of machines:
3
The number of vehicles:
2
The number of workers:
2

The factory where machine i is located:
1,1,2

The vehicle which belong to factory 1:
1
The vehicle which belong to factory 2:
2

The processing time of each order processed on different machines:
(where rows denote orders: 1 to 10 and columns denote machines: 1 to 
3)
37,35,22,34,31,38,30,29,32,37
38,25,25,20,33,23,34,20,31,22
24,40,24,23,31,31,21,38,27,35

The coefficient of each worker on each machine:
(where rows denote workers: 1 to 2 and columns denote machines: 1 to 
3)
1.5,1,1
1.5,1.5,0.5

The unit processing cost of machines:

7,10,8

The unit idle cost of machines:

2,5,4

The distance between each location:
(where rows and columns denote locations from factory 1 to customers)
0,218,232,191,198,106,223,179,215,148,194
218,0,20,121,35,146,25,82,26,125,77
232,20,0,116,55,165,14,102,45,145,72
191,121,116,0,138,183,102,170,143,191,45
198,35,55,138,0,116,58,47,17,91,96
106,146,165,183,116,0,161,81,133,42,162
223,25,14,102,58,161,0,104,52,145,58
179,82,102,170,47,81,104,0,60,47,132
215,26,45,143,17,133,52,60,0,106,99
148,125,145,191,91,42,145,47,106,0,161
194,77,72,45,96,162,58,132,99,161,0
The distance between each location:
(where rows and columns denote locations from factory 2 to customers)
0,22,34,143,34,150,45,77,18,124,99
22,0,20,121,35,146,25,82,26,125,77
34,20,0,116,55,165,14,102,45,145,72
143,121,116,0,138,183,102,170,143,191,45
34,35,55,138,0,116,58,47,17,91,96
150,146,165,183,116,0,161,81,133,42,162
45,25,14,102,58,161,0,104,52,145,58
77,82,102,170,47,81,104,0,60,47,132
18,26,45,143,17,133,52,60,0,106,99
124,125,145,191,91,42,145,47,106,0,161
99,77,72,45,96,162,58,132,99,161,0

The weight of orders:
14,18,11,13,20,17,19,11,14,20

The unit tardiness penalty of orders:

9,9,8,9,7,7,7,10,8,10

The due date of orders:
563,453,332,623,469,491,316,551,280,329

the loading and unloading time of each order:
4,5,3,3,5,4,5,3,4,5

The sequence dependent setup time of each job processed on machine 1.
(Where rows denote jobs: 1 to 10 and columns denote jobs: 0 to 10.For example:The value of Sijk is in row j,column i+1.)
14,12,18,19,12,15,18,13,13,17
20,15,18,17,20,13,14,12,11,14
13,17,20,15,11,15,15,19,20,17
12,16,20,15,19,20,17,17,20,18
17,19,16,13,19,11,16,18,20,14
14,15,15,18,17,17,10,20,16,14
12,11,15,14,20,17,12,16,14,11
15,14,10,16,17,14,13,20,17,14
12,11,10,13,12,18,15,17,18,20
10,16,20,12,17,19,19,13,15,16
18,19,19,20,17,12,16,17,11,18

The sequence dependent setup time of each job processed on machine 2.
(Where rows denote jobs: 1 to 10 and columns denote jobs: 0 to 10.For example:The value of Sijk is in row j,column i+1.)
18,11,17,16,13,19,10,10,13,10
15,12,15,18,15,14,16,16,13,11
14,14,13,11,15,11,19,18,11,12
14,19,14,19,12,12,15,14,16,11
19,17,16,11,11,10,13,20,20,15
10,20,11,19,18,17,15,17,20,19
14,10,12,20,12,10,14,11,20,17
17,20,17,13,10,13,17,10,13,11
20,19,17,19,11,19,14,18,15,15
15,14,12,11,18,16,12,16,17,20
15,17,12,18,20,12,15,16,18,17

The sequence dependent setup time of each job processed on machine 3.
(Where rows denote jobs: 1 to 10 and columns denote jobs: 0 to 10.For example:The value of Sijk is in row j,column i+1.)
19,16,16,19,10,14,11,15,11,11
15,14,15,11,15,18,17,11,10,15
11,12,17,13,14,19,13,16,10,17
18,11,17,17,15,14,14,14,11,14
18,17,19,13,11,19,20,11,18,16
13,19,13,17,13,15,14,15,18,10
12,14,15,11,20,10,16,19,18,13
10,20,10,17,19,13,17,14,20,16
20,11,14,13,18,16,14,10,17,20
16,19,20,13,10,19,12,11,19,17
20,12,16,11,15,14,20,17,17,20

