The number of factories:
2
The number of jobs:
20
The number of machines:
3
The number of vehicles:
3
The number of workers:
2

The factory where machine i is located:
1,2,2

The vehicle which belong to factory 1:
1,2
The vehicle which belong to factory 2:
3

The processing time of each order processed on different machines:
(where rows denote orders: 1 to 20 and columns denote machines: 1 to 
3)
33,38,30,25,33,20,37,40,34,31,27,38,35,30,23,40,24,22,22,28
34,22,33,30,28,40,33,24,21,35,29,35,38,37,40,29,24,20,40,32
35,35,22,28,39,22,26,35,33,35,38,39,26,28,31,37,27,26,33,23

The coefficient of each worker on each machine:
(where rows denote workers: 1 to 2 and columns denote machines: 1 to 
3)
1.5,1.25,0.5
1.25,1.5,1

The unit processing cost of machines:

9,10,10

The unit idle cost of machines:

2,1,3

The distance between each location:
(where rows and columns denote locations from factory 1 to customers)
0,8,39,113,117,85,110,90,63,129,36,80,21,72,82,51,100,74,53,111,65
8,0,35,117,119,87,111,89,59,121,35,86,28,67,77,43,104,69,46,117,58
39,35,0,152,154,63,146,57,85,116,15,119,50,34,44,53,139,93,63,150,69
113,117,152,0,30,189,36,201,100,199,148,43,111,183,194,133,14,105,123,24,135
117,119,154,30,0,199,10,207,87,182,152,64,120,182,193,125,38,89,113,54,122
85,87,63,189,199,0,193,28,145,172,53,149,79,71,69,115,175,154,125,180,132
110,111,146,36,10,193,0,200,77,172,145,64,114,173,185,115,40,79,104,59,113
90,89,57,201,207,28,200,0,142,153,55,163,91,51,46,108,188,150,119,195,123
63,59,85,100,87,145,77,142,0,99,91,92,80,105,116,41,93,11,28,112,36
129,121,116,199,182,172,172,153,99,0,130,188,149,102,107,79,192,93,82,211,68
36,35,15,148,152,53,145,55,91,130,0,112,40,46,54,64,134,100,72,144,80
80,86,119,43,64,149,64,163,92,188,112,0,73,153,163,114,29,100,107,32,120
21,28,50,111,120,79,114,91,80,149,40,73,0,84,93,71,97,91,73,105,86
72,67,34,183,182,71,173,51,105,102,46,153,84,0,11,65,171,110,77,184,78
82,77,44,194,193,69,185,46,116,107,54,163,93,11,0,76,182,121,89,194,88
51,43,53,133,125,115,115,108,41,79,64,114,71,65,76,0,123,45,13,140,17
100,104,139,14,38,175,40,188,93,192,134,29,97,171,182,123,0,99,114,21,126
74,69,93,105,89,154,79,150,11,93,100,100,91,110,121,45,99,0,33,119,36
53,46,63,123,113,125,104,119,28,82,72,107,73,77,89,13,114,33,0,132,14
111,117,150,24,54,180,59,195,112,211,144,32,105,184,194,140,21,119,132,0,144
65,58,69,135,122,132,113,123,36,68,80,120,86,78,88,17,126,36,14,144,0
The distance between each location:
(where rows and columns denote locations from factory 2 to customers)
0,117,152,4,26,191,32,202,98,196,148,45,112,183,194,132,16,103,122,28,133
117,0,35,117,119,87,111,89,59,121,35,86,28,67,77,43,104,69,46,117,58
152,35,0,152,154,63,146,57,85,116,15,119,50,34,44,53,139,93,63,150,69
4,117,152,0,30,189,36,201,100,199,148,43,111,183,194,133,14,105,123,24,135
26,119,154,30,0,199,10,207,87,182,152,64,120,182,193,125,38,89,113,54,122
191,87,63,189,199,0,193,28,145,172,53,149,79,71,69,115,175,154,125,180,132
32,111,146,36,10,193,0,200,77,172,145,64,114,173,185,115,40,79,104,59,113
202,89,57,201,207,28,200,0,142,153,55,163,91,51,46,108,188,150,119,195,123
98,59,85,100,87,145,77,142,0,99,91,92,80,105,116,41,93,11,28,112,36
196,121,116,199,182,172,172,153,99,0,130,188,149,102,107,79,192,93,82,211,68
148,35,15,148,152,53,145,55,91,130,0,112,40,46,54,64,134,100,72,144,80
45,86,119,43,64,149,64,163,92,188,112,0,73,153,163,114,29,100,107,32,120
112,28,50,111,120,79,114,91,80,149,40,73,0,84,93,71,97,91,73,105,86
183,67,34,183,182,71,173,51,105,102,46,153,84,0,11,65,171,110,77,184,78
194,77,44,194,193,69,185,46,116,107,54,163,93,11,0,76,182,121,89,194,88
132,43,53,133,125,115,115,108,41,79,64,114,71,65,76,0,123,45,13,140,17
16,104,139,14,38,175,40,188,93,192,134,29,97,171,182,123,0,99,114,21,126
103,69,93,105,89,154,79,150,11,93,100,100,91,110,121,45,99,0,33,119,36
122,46,63,123,113,125,104,119,28,82,72,107,73,77,89,13,114,33,0,132,14
28,117,150,24,54,180,59,195,112,211,144,32,105,184,194,140,21,119,132,0,144
133,58,69,135,122,132,113,123,36,68,80,120,86,78,88,17,126,36,14,144,0

The weight of orders:
13,20,18,12,13,19,10,18,19,15,18,20,20,16,15,10,16,17,11,12

The unit tardiness penalty of orders:

10,8,8,10,10,6,6,9,10,8,6,6,8,6,7,8,9,10,10,10

The due date of orders:
181,227,809,723,205,490,611,240,785,466,630,124,164,394,438,767,737,601,757,583

the loading and unloading time of each order:
3,5,5,3,3,5,3,5,5,4,5,5,5,4,4,3,4,4,3,3

The sequence dependent setup time of each job processed on machine 1.
(Where rows denote jobs: 1 to 20 and columns denote jobs: 0 to 20.For example:The value of Sijk is in row j,column i+1.)
19,13,17,20,10,18,10,15,11,15,10,11,16,19,20,17,12,19,12,13
19,20,20,16,12,13,15,15,14,10,12,19,20,17,15,16,11,15,17,18
17,18,16,14,20,15,20,19,18,16,10,20,16,15,15,15,12,20,10,20
18,15,10,16,15,18,20,13,17,13,11,20,15,12,13,11,11,10,17,20
17,17,19,12,10,11,17,12,16,11,14,20,10,15,19,19,17,15,14,18
16,18,13,13,19,17,10,14,11,12,14,14,10,11,17,16,16,12,13,17
11,16,15,16,19,17,10,10,17,11,12,13,15,20,10,20,13,18,17,16
15,18,14,10,15,20,17,20,11,16,20,19,14,10,11,12,14,11,12,15
18,14,16,10,20,18,20,12,11,11,14,13,12,13,11,20,15,11,19,10
20,13,19,17,20,15,15,10,19,20,13,12,19,18,18,20,11,14,10,20
16,17,11,19,15,14,16,20,12,16,19,10,15,19,16,11,11,17,16,13
15,18,12,12,20,13,10,12,12,11,13,12,12,18,18,20,13,13,12,15
14,20,19,13,13,12,19,12,14,14,12,11,12,12,16,11,20,12,14,18
15,15,16,11,13,14,19,16,17,19,18,20,10,18,14,18,17,14,20,18
12,17,19,20,15,18,16,10,11,19,13,15,13,12,10,10,10,20,15,11
14,16,11,11,16,17,14,10,20,16,15,20,13,15,11,18,17,19,12,11
11,11,17,11,12,10,11,10,20,19,13,18,17,19,17,12,10,19,14,14
11,18,19,17,16,20,20,12,13,15,17,13,18,18,18,14,10,20,17,10
16,12,16,16,19,17,16,14,17,20,13,19,17,15,11,20,20,16,15,14
19,19,18,20,18,20,16,14,10,15,11,18,14,17,10,10,15,13,13,14
19,18,16,18,13,18,16,10,10,10,10,16,12,20,11,17,15,13,17,18

The sequence dependent setup time of each job processed on machine 2.
(Where rows denote jobs: 1 to 20 and columns denote jobs: 0 to 20.For example:The value of Sijk is in row j,column i+1.)
20,18,19,11,18,19,18,20,18,18,15,12,11,18,14,19,10,14,13,10
12,15,13,16,10,17,18,15,20,10,15,18,16,15,18,16,10,12,11,18
18,19,16,16,20,13,10,18,17,17,18,12,20,17,15,18,11,14,16,12
19,20,12,19,18,17,17,13,17,16,15,18,15,20,19,15,11,12,17,13
19,11,17,10,17,18,19,15,18,16,10,19,18,11,20,10,14,18,17,19
18,10,12,18,20,13,15,12,17,16,12,14,19,15,19,11,16,10,17,17
14,20,13,19,15,18,17,18,12,16,16,10,12,16,16,19,10,19,18,10
15,20,12,20,14,16,10,11,14,11,17,11,12,20,20,10,15,19,14,18
14,16,14,15,19,16,18,11,15,17,10,20,10,19,12,17,13,12,17,12
17,12,14,13,14,11,18,16,14,19,14,14,15,11,13,17,18,14,20,20
19,19,15,17,11,19,13,15,12,15,16,10,13,19,12,19,10,19,17,16
20,18,13,17,12,14,13,17,10,10,20,15,20,16,11,20,14,17,11,14
13,12,10,14,15,13,13,17,19,15,20,20,17,10,12,17,12,17,18,12
19,19,20,10,10,16,20,12,10,20,14,16,16,15,16,12,13,20,10,12
13,12,17,11,12,19,11,15,18,20,19,16,15,12,13,10,11,18,13,12
10,18,13,11,17,13,16,12,17,11,13,17,19,15,20,13,16,17,20,14
13,14,15,20,12,13,12,20,13,14,16,15,15,14,18,19,11,10,15,10
19,15,14,17,15,14,17,19,10,10,20,10,10,14,13,17,12,18,15,19
17,16,11,15,16,15,17,20,16,19,11,14,17,16,20,15,18,19,19,12
14,12,10,15,12,15,17,20,13,14,17,16,14,18,12,12,14,20,15,12
14,17,19,20,10,14,13,18,20,12,16,18,15,13,19,18,10,12,13,16

The sequence dependent setup time of each job processed on machine 3.
(Where rows denote jobs: 1 to 20 and columns denote jobs: 0 to 20.For example:The value of Sijk is in row j,column i+1.)
10,16,11,12,10,19,15,15,18,12,12,14,18,17,15,19,18,11,16,14
19,13,11,11,13,17,15,20,11,14,10,11,19,20,10,13,16,12,11,11
10,17,17,16,17,16,15,16,14,19,12,10,18,20,13,10,16,10,13,11
10,18,17,20,17,17,15,15,10,13,20,12,19,13,16,14,20,16,11,12
17,14,15,13,11,15,18,14,14,14,15,12,13,18,13,20,17,20,13,13
13,19,10,20,16,13,10,15,12,16,11,17,17,20,12,14,10,18,16,10
14,13,10,15,10,18,14,14,12,20,10,11,10,14,20,12,12,18,17,16
11,16,15,17,20,18,15,10,11,11,19,18,11,14,11,12,19,16,17,17
11,15,17,19,15,15,19,14,16,15,15,16,10,10,13,11,20,18,16,16
19,11,15,20,16,20,16,11,13,10,19,13,10,16,20,19,17,13,19,18
11,15,16,11,17,11,17,14,13,12,18,19,16,20,13,10,10,13,11,14
12,12,10,20,18,11,20,19,13,11,12,12,11,14,11,11,19,10,15,19
13,15,19,15,20,15,18,10,10,11,18,19,11,12,20,20,17,10,15,14
20,17,15,13,11,20,20,15,11,13,12,11,14,14,16,18,14,17,13,16
18,10,17,16,17,15,15,13,19,14,15,17,12,18,15,20,13,13,16,13
14,20,10,16,18,16,19,10,14,18,12,20,16,11,14,16,11,10,17,12
13,16,10,19,18,17,12,16,13,20,11,12,12,19,17,12,20,10,11,11
20,19,13,18,14,20,20,12,10,18,14,13,18,12,20,12,14,20,11,14
17,16,18,14,10,19,15,15,15,19,20,11,12,20,18,16,18,11,14,11
20,10,17,15,15,20,11,15,14,14,17,16,10,15,13,20,17,20,10,19
13,13,14,11,18,13,19,20,17,11,14,19,18,16,10,20,14,20,15,13

