The number of jobs:
20
The number of machines:
4
The number of vehicles:
4
The number of workers:
3

The processing time of each order processed on different machines:
(where rows denote machines: 1 to 4 and columns denote orders: 1 to 
20)
23,22,32,27,36,33,39,37,33,31,35,23,38,20,36,40,26,23,29,21
27,40,35,38,39,39,20,24,25,26,27,28,40,26,37,32,20,32,24,28
23,35,31,20,36,33,24,28,39,39,37,37,30,38,27,40,20,34,24,36
30,21,30,26,35,32,21,38,24,26,22,31,28,36,23,30,31,24,20,32

The coefficient of each worker on each machine:
(where rows denote workers: 1 to 3 and columns denote machines: 1 to 
4)
0.5,0.5,1.5,1.25
1.5,1,0.5,0.5
0.75,0.5,0.5,1.5

The unit processing cost of machines:

8,8,8,10

The unit idle cost of machines:

2,3,2,5

The distance between each location:
(where rows and columns denote locations: 0 to 20)
0,129,117,93,49,51,92,73,47,21,73,72,60,68,68,65,99,98,50,91,89
129,0,182,189,86,143,216,109,129,130,60,173,79,86,193,185,200,57,179,180,41
117,182,0,44,146,66,172,184,164,97,130,183,157,99,102,162,54,186,127,36,148
93,189,44,0,133,48,131,165,139,76,131,149,145,103,60,124,13,179,88,11,150
49,86,146,133,0,85,130,43,46,59,43,90,12,60,116,99,141,49,96,128,50
51,143,66,48,85,0,120,120,98,31,84,119,97,60,61,102,58,131,71,43,103
92,216,172,131,130,120,0,124,92,103,164,58,138,159,71,32,127,172,48,137,178
73,109,184,165,43,120,124,0,34,90,83,71,38,103,134,93,171,53,106,163,83
47,129,164,139,46,98,92,34,0,67,88,44,50,99,102,60,144,80,72,138,96
21,130,97,76,59,31,103,90,67,0,71,92,71,57,63,80,83,107,57,73,89
73,60,130,131,43,84,164,83,88,71,0,131,45,31,134,135,142,59,123,123,19
72,173,183,149,90,119,58,71,44,92,131,0,94,137,98,32,150,123,64,152,140
60,79,157,145,12,97,138,38,50,71,45,94,0,67,128,107,153,37,107,140,47
68,86,99,103,60,60,159,103,99,57,31,137,67,0,116,133,115,89,114,95,49
68,193,102,60,116,61,71,134,102,63,134,98,128,116,0,69,56,165,34,66,152
65,185,162,124,99,102,32,93,60,80,135,32,107,133,69,0,124,140,36,128,147
99,200,54,13,141,58,127,171,144,83,142,150,153,115,56,124,0,188,88,24,161
98,57,186,179,49,131,172,53,80,107,59,123,37,89,165,140,188,0,143,173,47
50,179,127,88,96,71,48,106,72,57,123,64,107,114,34,36,88,143,0,93,139
91,180,36,11,128,43,137,163,138,73,123,152,140,95,66,128,24,173,93,0,142
89,41,148,150,50,103,178,83,96,89,19,140,47,49,152,147,161,47,139,142,0

The weight of orders:
11,10,12,11,16,18,12,19,19,20,18,14,19,19,12,13,20,10,18,13

The unit tardiness penalty of orders:

6,6,8,10,9,8,9,9,10,6,8,7,7,8,7,8,10,9,8,9

The due date of orders:
307,345,476,317,272,190,200,462,183,460,205,196,213,158,379,277,206,388,259,527

the loading and unloading time of each order:
3,3,3,3,4,5,3,5,5,5,5,4,5,5,3,3,5,3,5,3

The sequence dependent setup time of each job processed on machine 1.
(Where rows denote jobs: 1 to 20 and columns denote jobs: 0 to 20.For example:The value of Sijk is in row j,column i+1.)
15,18,16,18,16,15,12,13,18,15,16,17,10,12,17,16,16,17,16,11
11,11,13,12,20,15,18,14,19,19,15,20,18,17,17,11,13,16,13,11
11,18,11,20,14,10,11,10,14,11,18,14,15,14,18,10,16,15,20,17
19,20,13,19,16,18,15,14,18,13,15,12,17,18,17,12,20,20,14,15
19,10,10,13,16,12,14,10,18,19,15,11,18,15,19,14,10,11,17,16
13,14,11,20,15,18,11,16,11,11,18,11,13,18,19,13,17,12,17,17
13,10,17,13,15,14,19,15,18,10,18,19,14,11,10,11,10,14,11,20
16,15,20,18,18,10,20,20,14,11,18,20,16,10,11,19,15,11,16,17
13,10,14,18,19,10,11,14,19,18,17,20,16,16,10,19,17,17,19,10
19,14,11,12,18,19,19,15,11,19,16,12,12,19,17,18,12,12,10,20
11,16,11,15,14,18,10,20,11,12,16,12,15,20,14,10,15,13,10,12
20,20,12,19,13,11,13,12,14,13,19,18,13,18,17,20,20,11,16,13
13,12,18,14,18,16,20,16,17,12,15,17,14,17,12,11,14,16,17,18
11,11,19,16,20,15,18,20,17,13,11,10,17,19,18,14,20,10,10,17
15,11,11,15,19,18,13,15,17,12,15,12,14,11,12,20,14,13,12,14
14,18,19,20,14,15,14,20,14,10,16,13,19,15,16,10,20,20,13,10
20,13,12,18,16,18,20,18,17,10,17,18,13,12,17,14,20,13,11,17
12,11,19,15,10,17,12,12,15,17,20,13,18,14,14,18,15,13,13,14
18,17,13,17,20,18,14,12,13,10,11,20,13,16,20,18,16,19,10,11
12,11,20,11,12,18,13,11,18,10,15,17,14,12,10,17,20,13,20,10
17,18,11,14,17,16,10,12,15,17,20,18,15,17,12,12,11,13,10,10

The sequence dependent setup time of each job processed on machine 2.
(Where rows denote jobs: 1 to 20 and columns denote jobs: 0 to 20.For example:The value of Sijk is in row j,column i+1.)
12,15,10,15,18,19,11,18,17,10,11,10,16,14,12,10,16,15,19,13
13,18,10,20,12,17,15,15,18,10,12,10,18,11,18,12,18,11,14,10
15,12,15,20,20,20,12,14,15,18,12,19,11,20,10,14,14,20,20,15
20,11,16,12,13,18,15,19,18,11,12,12,13,20,16,10,16,15,18,11
16,14,10,20,10,11,15,15,19,10,16,18,12,14,10,15,15,15,14,17
11,19,12,17,12,19,19,13,13,18,13,13,13,12,14,10,10,15,16,10
18,12,13,20,15,17,11,12,12,19,13,11,19,16,17,10,10,14,13,10
18,19,20,14,10,18,13,16,18,17,16,13,18,11,11,12,12,20,11,20
14,16,14,19,18,10,16,16,18,17,17,13,14,19,10,11,15,18,18,10
20,20,15,13,16,16,11,11,13,13,13,13,14,11,18,13,16,10,18,11
12,13,10,15,10,15,17,13,12,17,13,16,19,13,12,16,17,11,11,13
19,11,15,13,13,20,17,20,12,16,18,17,15,19,11,17,16,17,11,19
16,12,10,16,19,19,12,18,16,14,11,10,19,13,17,19,10,15,10,20
12,17,20,18,11,16,10,12,11,18,14,20,13,18,11,11,13,20,17,18
19,15,15,18,16,20,11,16,14,15,18,12,14,14,13,20,15,14,20,13
15,12,14,16,14,19,20,20,19,16,11,10,20,20,19,20,13,20,19,15
16,19,17,10,20,15,10,10,14,12,18,16,20,17,10,18,11,20,19,15
17,10,15,16,15,11,16,15,11,11,16,20,14,19,20,17,17,15,13,13
12,20,14,16,11,17,12,19,19,13,10,14,12,15,20,13,12,17,17,18
11,11,19,16,18,20,16,15,17,17,15,10,14,16,12,14,13,16,18,13
11,14,14,18,20,16,20,10,10,15,11,11,12,16,14,10,15,16,17,10

The sequence dependent setup time of each job processed on machine 3.
(Where rows denote jobs: 1 to 20 and columns denote jobs: 0 to 20.For example:The value of Sijk is in row j,column i+1.)
16,11,12,13,14,10,15,14,13,18,12,12,12,19,20,10,10,10,20,16
17,10,13,13,15,19,10,19,16,12,13,15,11,14,13,17,20,20,15,12
17,10,10,15,13,19,10,15,13,19,14,13,12,19,19,20,13,12,14,12
12,15,12,15,17,20,15,13,10,11,18,13,14,17,14,20,20,11,19,15
16,18,14,10,16,19,13,16,20,18,15,17,19,13,11,14,20,12,14,11
17,15,10,14,20,13,20,16,14,10,18,20,15,16,14,18,19,10,18,10
20,11,11,18,20,11,18,18,13,14,14,13,16,14,13,15,16,19,12,13
12,10,17,19,15,19,20,15,17,14,17,17,20,20,16,17,20,17,10,20
14,17,10,19,13,10,19,10,16,10,15,13,14,11,20,19,15,18,13,13
14,11,12,20,15,15,20,10,11,14,13,16,11,20,10,14,12,20,20,10
18,14,10,19,10,18,18,14,18,18,17,11,18,20,12,12,19,20,19,17
14,18,16,20,11,19,20,15,18,15,10,15,16,16,16,10,12,14,20,14
20,10,13,14,13,16,10,14,18,15,16,20,17,16,15,17,19,15,20,10
10,19,17,11,11,15,16,18,12,17,15,16,15,11,15,10,14,18,15,17
14,11,17,11,18,17,13,17,14,12,19,15,16,10,10,10,16,20,11,20
16,18,13,10,11,12,16,15,19,18,14,18,13,17,15,11,17,14,14,16
19,17,14,10,11,12,10,17,10,14,16,17,10,20,19,18,19,18,16,16
18,17,15,15,17,12,12,16,12,13,18,20,14,15,16,13,16,10,11,13
13,18,13,14,20,20,13,20,18,18,19,10,19,17,19,14,12,19,20,17
18,13,16,16,17,14,17,14,13,15,16,20,20,12,10,17,15,15,16,19
10,11,18,17,19,18,19,19,13,17,13,17,16,17,17,19,10,10,14,12

The sequence dependent setup time of each job processed on machine 4.
(Where rows denote jobs: 1 to 20 and columns denote jobs: 0 to 20.For example:The value of Sijk is in row j,column i+1.)
12,19,11,19,16,12,12,11,11,18,19,16,14,17,10,20,12,20,17,14
12,19,18,17,20,14,15,20,10,13,12,20,15,20,10,17,20,19,10,19
16,16,10,10,10,11,19,17,19,11,11,18,19,11,17,10,20,10,18,11
11,16,18,10,10,19,15,12,11,16,18,18,11,14,12,11,14,18,20,10
19,11,14,20,17,14,12,14,19,18,12,13,18,15,17,20,16,11,18,16
19,17,17,13,10,13,18,15,10,19,14,10,12,10,13,20,19,19,18,20
19,18,11,17,13,19,17,10,19,16,14,17,16,16,19,12,20,18,14,11
11,17,15,13,13,13,20,10,17,11,18,15,14,12,20,13,14,19,16,15
15,19,14,16,12,13,15,12,19,13,14,10,20,10,19,19,18,15,15,20
17,12,17,15,19,14,18,11,17,17,15,10,15,19,20,18,12,16,14,10
15,13,10,15,15,16,17,17,15,10,20,10,12,13,11,17,14,10,13,17
17,18,10,16,19,16,12,13,20,19,13,14,11,20,17,12,11,15,12,16
17,13,17,10,14,19,14,15,19,14,14,12,13,13,14,12,16,13,15,10
19,14,19,16,12,17,20,18,17,13,17,15,16,12,15,10,16,17,14,16
18,18,20,18,17,19,10,17,17,12,11,20,10,19,19,20,10,15,18,19
14,15,13,17,16,17,20,12,11,10,17,20,13,17,20,10,14,13,20,20
20,11,12,20,19,19,13,19,20,17,18,19,19,16,20,18,18,17,18,15
18,19,19,12,13,18,12,14,11,16,17,11,14,10,11,14,20,14,15,17
14,17,14,17,14,11,20,18,17,16,16,15,15,19,18,18,11,17,17,20
18,10,15,20,17,15,12,18,16,16,15,20,13,16,16,15,15,19,10,17
10,14,14,17,16,20,17,19,16,16,11,11,11,10,14,11,16,17,19,20

