The number of jobs:
20
The number of machines:
3
The number of vehicles:
2
The number of workers:
2

The processing time of each order processed on different machines:
(where rows denote machines: 1 to 3 and columns denote orders: 1 to 
20)
24,39,26,28,24,28,20,26,29,25,37,34,37,32,24,30,20,25,33,22
20,21,22,35,40,35,26,33,33,34,23,33,36,34,30,20,38,30,26,20
25,32,27,20,28,33,37,38,25,33,34,34,31,25,28,40,35,24,28,20

The coefficient of each worker on each machine:
(where rows denote workers: 1 to 2 and columns denote machines: 1 to 
3)
1,0.5,1.25
0.5,0.75,1

The unit processing cost of machines:

8,10,9

The unit idle cost of machines:

2,2,4

The distance between each location:
(where rows and columns denote locations: 0 to 20)
0,33,127,94,82,101,67,62,92,103,26,6,25,89,80,87,55,87,72,104,82
33,0,158,62,82,131,100,33,60,71,16,32,30,112,91,99,23,69,70,107,114
127,158,0,214,182,31,74,180,216,224,152,126,146,127,162,162,181,182,178,191,45
94,62,214,0,123,185,161,35,13,10,75,92,89,171,140,149,47,58,110,147,172
82,82,182,123,0,165,108,110,112,127,69,88,59,73,27,34,80,150,13,25,140
101,131,31,185,165,0,62,151,187,195,127,100,123,120,148,149,154,151,159,178,26
67,100,74,161,108,62,0,129,159,171,89,70,79,59,88,88,120,147,104,117,36
62,33,180,35,110,151,129,0,39,45,48,59,63,145,122,130,31,42,97,135,138
92,60,216,13,112,187,159,39,0,15,71,91,84,164,131,140,40,69,100,136,173
103,71,224,10,127,195,171,45,15,0,84,101,97,178,146,155,54,66,116,152,182
26,16,152,75,69,127,89,48,71,84,0,28,15,97,75,84,31,84,57,93,108
6,32,126,92,88,100,70,59,91,101,28,0,30,94,86,93,55,82,77,110,82
25,30,146,89,59,123,79,63,84,97,15,30,0,82,62,70,43,98,47,82,102
89,112,127,171,73,120,59,145,164,178,97,94,82,0,46,41,124,176,77,71,94
80,91,162,140,27,148,88,122,131,146,75,86,62,46,0,9,95,159,33,29,123
87,99,162,149,34,149,88,130,140,155,84,93,70,41,9,0,104,167,42,30,124
55,23,181,47,80,154,120,31,40,54,31,55,43,124,95,104,0,73,67,105,137
87,69,182,58,150,151,147,42,69,66,84,82,98,176,159,167,73,0,138,176,145
72,70,178,110,13,159,104,97,100,116,57,77,47,77,33,42,67,138,0,38,135
104,107,191,147,25,178,117,135,136,152,93,110,82,71,29,30,105,176,38,0,152
82,114,45,172,140,26,36,138,173,182,108,82,102,94,123,124,137,145,135,152,0

The weight of orders:
16,10,10,13,12,15,20,19,11,10,12,12,13,18,10,17,11,19,11,11

The unit tardiness penalty of orders:

10,7,7,8,7,8,7,9,7,6,6,9,10,7,7,10,8,6,10,10

The due date of orders:
574,306,286,346,553,586,205,581,465,171,385,511,448,199,348,523,217,347,491,254

the loading and unloading time of each order:
4,3,3,3,3,4,5,5,3,3,3,3,3,5,3,4,3,5,3,3

The sequence dependent setup time of each job processed on machine 1.
(Where rows denote jobs: 1 to 20 and columns denote jobs: 0 to 20.For example:The value of Sijk is in row j,column i+1.)
19,15,10,14,13,17,11,12,11,12,15,16,13,14,16,19,14,12,18,10
13,20,19,15,12,11,12,11,19,20,13,15,12,17,17,14,18,13,15,18
18,13,12,20,10,10,13,10,13,15,14,16,15,15,16,18,12,19,19,16
16,20,15,14,19,10,16,14,15,12,13,19,12,11,17,10,20,12,10,19
16,18,16,17,17,16,16,16,13,13,12,17,10,20,11,20,19,17,17,20
16,18,11,16,11,16,17,15,13,15,10,10,11,20,14,20,18,12,13,19
15,10,19,19,18,14,10,13,19,19,12,17,12,19,19,17,10,12,11,20
17,13,17,16,17,14,10,16,11,19,14,16,17,12,16,13,19,16,16,10
19,18,17,18,15,13,15,18,12,16,18,15,19,15,16,19,14,14,10,15
18,20,17,18,17,13,14,19,15,13,16,19,10,16,17,17,17,11,13,20
14,18,15,12,17,18,15,10,15,10,10,11,11,20,19,12,18,14,19,14
10,15,18,10,11,17,17,10,17,12,13,19,11,17,10,19,18,16,19,14
15,16,15,12,13,10,13,10,14,10,16,11,18,20,15,10,16,11,18,20
20,13,11,20,14,14,11,13,14,11,20,11,15,10,14,19,11,19,12,18
17,10,18,12,19,18,19,16,19,17,18,14,13,12,20,17,19,11,12,16
10,12,18,12,20,12,14,10,16,10,12,11,14,18,11,17,15,14,11,14
17,10,18,14,10,11,16,17,14,13,10,11,12,17,18,20,12,14,12,20
16,11,16,10,18,18,11,14,17,18,10,10,11,19,16,20,15,11,13,10
15,12,13,20,14,17,20,11,12,16,17,14,14,20,13,17,19,18,15,18
13,18,16,10,14,12,18,18,16,18,14,20,19,16,14,19,19,10,10,20
14,17,11,11,19,12,12,17,10,10,20,19,19,11,19,10,13,11,13,17

The sequence dependent setup time of each job processed on machine 2.
(Where rows denote jobs: 1 to 20 and columns denote jobs: 0 to 20.For example:The value of Sijk is in row j,column i+1.)
15,14,17,16,20,18,14,18,16,10,19,15,20,10,11,11,16,12,16,19
20,19,17,10,11,16,16,12,20,19,20,18,17,15,12,15,11,15,20,15
10,12,12,11,14,11,10,17,18,15,12,10,18,20,18,20,11,15,10,13
20,17,17,12,19,13,11,10,13,19,10,18,10,20,20,15,12,19,13,19
20,18,12,17,10,10,12,18,10,16,10,14,15,12,20,18,18,13,12,10
17,10,14,19,15,18,10,12,17,18,19,12,13,18,13,14,18,17,10,19
14,19,19,13,14,10,17,11,19,14,17,19,10,17,14,16,12,12,17,16
19,18,11,11,11,12,11,13,19,19,17,17,18,20,19,16,20,19,13,12
10,10,16,14,15,15,10,15,15,15,12,15,10,13,10,19,15,13,14,13
11,20,14,15,10,11,14,16,19,16,16,14,15,10,12,19,17,11,12,15
19,14,14,13,11,10,12,12,11,13,11,17,10,12,14,17,20,14,17,14
17,19,20,15,14,11,14,20,15,17,11,16,12,20,18,15,19,11,19,18
20,18,12,18,12,12,18,14,14,10,16,15,14,11,20,19,11,17,15,13
11,18,14,10,14,16,19,14,18,14,14,15,18,16,14,13,15,16,17,18
11,20,16,12,15,15,17,10,20,15,10,18,12,15,11,12,13,10,17,18
20,10,20,10,12,15,16,11,13,10,11,10,14,17,11,15,17,16,20,18
16,20,18,14,11,10,11,20,10,19,12,10,18,10,10,10,18,18,17,19
16,11,17,20,10,18,11,18,18,14,15,13,14,14,18,12,18,13,12,16
19,14,16,13,13,13,10,18,12,18,16,14,15,11,16,18,14,13,19,14
16,11,10,18,10,11,13,11,13,16,17,18,10,14,12,17,16,10,14,10
13,11,17,13,15,15,20,20,14,20,11,15,10,12,16,11,10,14,19,13

The sequence dependent setup time of each job processed on machine 3.
(Where rows denote jobs: 1 to 20 and columns denote jobs: 0 to 20.For example:The value of Sijk is in row j,column i+1.)
16,13,18,17,18,18,17,11,11,16,11,18,20,11,19,18,20,19,14,15
10,20,16,19,18,16,20,20,14,19,10,12,12,17,17,14,10,18,19,20
17,11,11,13,10,17,15,15,20,10,19,18,11,10,16,11,12,19,17,17
15,10,17,13,11,18,16,19,10,11,16,20,11,14,14,17,16,10,13,16
17,14,18,11,13,13,11,14,11,18,19,17,16,14,19,18,12,15,16,13
14,15,20,16,10,11,12,17,19,14,13,11,12,19,16,10,18,19,11,11
13,13,20,19,19,15,18,17,17,13,17,15,11,17,16,12,13,19,18,16
18,14,13,17,11,20,13,13,18,13,16,18,20,12,14,19,15,15,10,13
18,19,10,11,20,11,12,16,14,15,12,15,19,13,20,18,19,19,19,12
19,15,17,11,13,18,17,13,12,15,15,19,20,20,13,20,14,15,13,12
11,18,13,10,15,18,16,17,10,14,13,17,18,16,14,14,17,10,12,10
15,14,13,11,16,19,20,19,16,14,16,11,20,10,13,12,10,18,13,16
14,16,12,12,14,20,20,10,15,14,15,15,12,19,14,14,19,15,18,11
13,10,19,20,10,16,20,15,19,15,11,13,20,13,20,12,14,19,17,13
16,13,20,20,10,17,15,18,18,19,10,17,19,18,11,10,18,14,19,18
12,12,11,11,20,12,18,17,13,20,14,19,18,13,13,12,17,10,14,12
16,20,18,16,16,14,20,14,11,18,13,19,11,16,17,11,14,18,15,14
12,19,12,14,10,17,15,18,11,11,11,11,19,14,14,10,17,13,10,19
17,15,18,12,13,18,16,14,11,15,11,18,15,11,10,12,11,17,13,18
15,18,18,17,14,18,20,11,17,20,11,14,16,15,16,13,16,11,19,11
14,16,19,11,18,10,10,20,17,16,19,12,16,16,12,12,12,18,11,12

