The number of jobs:
20
The number of machines:
3
The number of vehicles:
2
The number of workers:
3

The processing time of each order processed on different machines:
(where rows denote machines: 1 to 3 and columns denote orders: 1 to 
20)
27,40,36,29,33,36,31,39,22,27,39,32,37,31,36,20,26,26,37,31
29,22,26,25,25,25,26,36,25,37,40,39,38,29,36,39,39,34,36,21
25,23,36,20,39,35,32,27,31,38,38,34,33,28,31,23,33,36,26,23

The coefficient of each worker on each machine:
(where rows denote workers: 1 to 3 and columns denote machines: 1 to 
3)
0.5,1.5,0.5
1.25,0.5,1
0.5,1.5,0.5

The unit processing cost of machines:

7,8,7

The unit idle cost of machines:

4,3,3

The distance between each location:
(where rows and columns denote locations: 0 to 20)
0,81,80,88,21,136,51,66,55,39,25,119,106,114,75,105,88,90,95,69,40
81,0,131,125,102,214,92,47,136,93,69,195,184,194,91,185,164,167,121,104,45
80,131,0,21,73,158,39,88,90,43,104,154,136,130,155,124,129,127,173,148,107
88,125,21,0,85,178,39,80,107,49,110,173,155,150,162,144,147,145,182,157,109
21,102,73,85,0,118,54,82,36,39,43,103,89,94,87,86,72,73,101,76,60
136,214,158,178,118,0,164,200,82,150,146,25,30,28,155,35,52,48,144,135,170
51,92,39,39,54,164,0,51,84,15,72,153,137,137,123,129,124,124,145,120,70
66,47,88,80,82,200,51,0,118,58,70,185,171,176,113,168,154,155,141,118,51
55,136,90,107,36,82,84,118,0,70,71,69,53,58,100,50,40,40,105,84,93
39,93,43,49,39,150,15,58,70,0,62,139,123,123,113,116,109,109,133,108,64
25,69,104,110,43,146,72,70,71,62,0,127,116,127,52,119,95,99,75,50,24
119,195,154,173,103,25,153,185,69,139,127,0,18,34,131,34,32,30,119,111,151
106,184,136,155,89,30,137,171,53,123,116,18,0,21,127,18,23,18,119,108,140
114,194,130,150,94,28,137,176,58,123,127,34,21,0,145,9,41,35,139,125,150
75,91,155,162,87,155,123,113,100,113,52,131,127,145,0,136,105,110,30,20,62
105,185,124,144,86,35,129,168,50,116,119,34,18,9,136,0,34,28,131,117,141
88,164,129,147,72,52,124,154,40,109,95,32,23,41,105,34,0,6,98,85,119
90,167,127,145,73,48,124,155,40,109,99,30,18,35,110,28,6,0,104,91,122
95,121,173,182,101,144,145,141,105,133,75,119,119,139,30,131,98,104,0,26,89
69,104,148,157,76,135,120,118,84,108,50,111,108,125,20,117,85,91,26,0,67
40,45,107,109,60,170,70,51,93,64,24,151,140,150,62,141,119,122,89,67,0

The weight of orders:
16,14,17,12,18,18,17,10,15,16,15,20,10,10,20,12,16,16,20,12

The unit tardiness penalty of orders:

9,10,7,8,8,10,9,8,7,10,7,9,6,9,8,9,7,10,9,9

The due date of orders:
540,189,324,487,607,485,310,262,290,544,437,347,502,434,304,293,566,255,351,325

the loading and unloading time of each order:
4,4,4,3,5,5,4,3,4,4,4,5,3,3,5,3,4,4,5,3

The sequence dependent setup time of each job processed on machine 1.
(Where rows denote jobs: 1 to 20 and columns denote jobs: 0 to 20.For example:The value of Sijk is in row j,column i+1.)
13,16,15,16,15,16,10,14,11,16,17,13,13,13,11,17,17,11,17,11
14,16,17,15,19,12,13,11,19,20,12,17,19,13,13,18,13,12,16,11
18,19,16,14,20,20,17,13,14,13,12,11,18,17,19,11,12,15,11,12
18,15,14,13,15,10,17,12,12,11,12,16,12,16,10,17,18,13,10,14
10,13,20,12,18,20,19,20,12,19,16,17,16,12,20,19,11,11,11,17
11,15,19,19,19,18,10,19,15,10,16,18,10,11,12,10,10,15,16,17
20,19,11,14,17,20,10,10,10,17,16,13,20,19,14,11,10,13,18,17
19,13,11,17,16,15,16,20,18,10,20,17,20,14,13,11,12,14,17,17
18,19,20,11,17,11,16,15,10,11,13,13,19,13,12,13,20,14,14,18
20,18,18,16,13,20,19,13,16,10,20,12,14,13,20,20,10,15,11,10
13,11,10,16,12,16,13,11,20,20,16,11,14,17,15,10,20,12,12,16
13,18,16,18,10,10,18,15,15,16,11,13,15,10,19,12,12,14,11,18
20,19,10,10,13,14,16,13,19,13,14,15,12,10,14,11,14,13,11,15
19,16,15,13,19,20,19,13,20,15,20,18,16,17,18,17,19,15,12,11
19,11,17,13,10,10,14,10,14,16,14,19,17,20,19,12,17,10,13,11
14,17,14,18,20,17,16,13,12,14,13,11,12,20,10,13,19,12,20,12
10,11,16,12,18,19,18,13,20,17,12,14,13,15,16,12,11,17,13,10
13,17,20,10,19,12,17,18,18,16,20,15,17,19,19,14,20,13,13,20
12,18,10,18,19,20,10,11,14,13,10,19,10,11,14,14,18,15,16,15
20,17,13,14,10,10,12,17,13,10,14,14,16,13,13,14,14,10,17,11
20,17,19,15,20,11,12,13,19,10,20,17,17,13,17,12,20,10,20,10

The sequence dependent setup time of each job processed on machine 2.
(Where rows denote jobs: 1 to 20 and columns denote jobs: 0 to 20.For example:The value of Sijk is in row j,column i+1.)
14,11,12,16,16,16,20,19,16,12,20,16,11,11,17,20,13,16,20,15
18,10,13,19,12,18,19,17,19,13,18,16,18,17,11,19,10,20,16,12
10,16,11,19,14,12,16,17,14,14,19,11,11,19,13,12,14,10,11,12
13,12,11,13,14,12,18,20,14,13,15,19,17,12,13,14,15,19,20,17
12,18,17,10,15,12,19,20,13,10,18,17,16,19,16,19,15,15,18,13
15,19,14,15,10,15,20,13,15,13,16,11,17,19,18,15,15,10,17,15
14,10,15,15,18,19,10,19,20,18,16,12,13,20,10,19,18,11,19,10
17,10,15,19,13,19,18,11,14,17,14,10,19,10,17,15,15,18,13,18
18,18,19,14,14,12,18,12,11,18,20,18,11,15,10,16,11,18,16,20
13,10,14,15,14,16,18,15,10,20,10,19,17,10,16,15,10,10,16,10
13,17,20,16,20,15,15,15,18,20,17,10,17,15,14,14,13,12,15,20
13,16,10,14,15,15,11,10,18,15,16,15,16,16,13,12,15,18,12,11
16,10,14,15,19,14,18,12,11,18,14,17,17,10,15,13,20,14,18,15
14,10,14,11,18,14,10,13,19,17,20,13,13,16,10,17,13,17,19,11
14,15,20,18,11,19,10,20,11,20,12,12,10,15,13,20,14,18,18,11
10,10,19,19,13,18,15,20,12,15,14,15,12,20,12,20,20,10,19,16
12,10,10,17,13,16,18,10,20,14,11,20,15,14,12,16,14,17,13,18
14,19,20,13,18,16,10,16,17,19,16,14,15,11,10,14,14,10,16,14
18,15,19,16,11,12,19,12,10,11,15,16,19,19,18,12,12,14,15,10
16,18,11,17,15,20,12,19,19,20,20,10,17,16,13,12,14,15,12,11
11,20,18,18,13,16,17,13,17,18,16,17,13,18,18,11,17,19,16,10

The sequence dependent setup time of each job processed on machine 3.
(Where rows denote jobs: 1 to 20 and columns denote jobs: 0 to 20.For example:The value of Sijk is in row j,column i+1.)
20,12,10,13,16,15,20,12,17,12,18,14,14,12,20,12,10,19,19,19
10,14,20,19,18,16,12,19,19,19,14,13,13,12,19,20,12,17,14,11
11,14,16,17,19,16,19,10,13,15,10,12,16,14,13,18,16,16,11,19
13,11,11,12,14,19,14,20,19,13,20,19,13,20,15,12,10,19,17,15
18,14,18,14,10,15,20,20,17,18,10,10,14,10,11,12,12,15,15,15
17,18,16,11,20,19,17,14,11,16,12,15,20,12,13,14,19,16,19,20
13,14,16,16,14,18,19,10,13,15,17,14,15,10,13,18,18,17,13,19
10,20,17,10,16,13,13,16,10,13,19,18,14,18,15,19,16,19,12,18
20,11,15,11,10,19,17,17,15,10,20,14,12,19,18,16,17,14,11,13
20,13,17,11,20,19,16,17,19,11,14,20,13,11,12,20,14,18,16,11
20,11,13,18,17,18,11,11,12,19,17,19,14,12,19,18,20,10,14,10
20,13,18,14,11,19,17,14,18,17,11,20,15,15,11,12,12,17,13,15
18,12,10,11,16,13,20,10,20,19,13,15,12,12,18,13,10,18,11,17
15,10,10,18,17,11,12,20,10,14,16,13,14,20,18,18,14,16,19,19
16,20,10,11,19,10,12,13,14,11,17,10,20,17,13,18,10,15,11,10
14,20,15,19,12,20,15,12,15,14,13,15,12,10,10,16,10,14,13,16
20,20,19,19,10,17,20,18,20,12,19,17,10,11,12,16,11,16,16,15
16,12,13,20,19,16,16,14,16,18,11,19,20,11,19,18,18,20,18,18
14,17,13,12,14,20,16,19,17,11,17,14,20,17,14,12,18,20,16,17
19,12,19,15,17,13,19,10,16,14,18,19,20,13,17,11,20,16,20,11
19,11,17,14,12,19,13,11,19,18,14,17,16,14,17,18,19,16,20,16

