The number of factories:
2
The number of jobs:
20
The number of machines:
5
The number of vehicles:
2
The number of workers:
3

The factory where machine i is located:
1,1,1,2,2

The vehicle which belong to factory 1:
1
The vehicle which belong to factory 2:
2

The processing time of each order processed on different machines:
(where rows denote orders: 1 to 20 and columns denote machines: 1 to 
5)
30,22,36,23,26,34,23,28,25,29,20,39,22,34,30,35,22,28,39,23
33,40,31,20,22,31,31,35,35,28,20,28,33,30,32,29,26,22,35,37
24,38,22,23,36,31,40,30,29,26,25,35,21,40,32,27,27,31,28,36
20,25,23,25,29,34,29,35,25,20,25,29,37,25,38,26,40,30,23,27
28,31,31,31,39,24,24,33,21,21,33,23,24,35,34,22,31,38,33,31

The coefficient of each worker on each machine:
(where rows denote workers: 1 to 3 and columns denote machines: 1 to 
5)
1,1,0.5,0.75,1.25
0.75,0.5,0.75,1,0.75
0.5,1.5,1.25,1.5,0.5

The unit processing cost of machines:

10,7,9,10,7

The unit idle cost of machines:

3,5,2,2,1

The distance between each location:
(where rows and columns denote locations from factory 1 to customers)
0,32,112,105,63,74,121,111,61,43,141,27,45,119,110,54,43,36,36,117,78
32,0,139,136,31,50,117,115,67,74,159,54,20,127,124,85,69,55,67,137,90
112,139,0,89,169,157,135,198,156,80,187,109,156,197,174,64,70,86,91,163,78
105,136,89,0,166,177,195,135,110,65,102,83,143,128,100,63,90,109,70,81,134
63,31,169,166,0,44,127,121,82,105,177,83,25,136,140,116,100,84,97,157,113
74,50,157,177,44,0,85,161,116,112,209,100,61,175,174,118,95,75,108,186,87
121,117,135,195,127,85,0,230,180,138,260,144,136,240,230,134,108,93,141,235,62
111,115,198,135,121,161,230,0,50,120,73,96,100,18,42,135,144,146,109,68,188
61,67,156,110,82,116,180,50,0,76,95,48,57,60,58,91,96,96,64,76,138
43,74,80,65,105,112,138,120,76,0,126,30,85,122,103,16,31,46,12,100,81
141,159,187,102,177,209,260,73,95,126,0,116,152,56,37,136,157,168,120,26,206
27,54,109,83,83,100,144,96,48,30,116,0,60,100,87,45,49,53,18,91,94
45,20,156,143,25,61,136,100,57,85,152,60,0,114,116,98,86,74,76,132,110
119,127,197,128,136,175,240,18,60,122,56,100,114,0,29,136,148,153,112,54,194
110,124,174,100,140,174,230,42,58,103,37,87,116,29,0,116,132,140,94,27,180
54,85,64,63,116,118,134,135,91,16,136,45,98,136,116,0,27,46,27,111,74
43,69,70,90,100,95,108,144,96,31,157,49,86,148,132,27,0,20,38,131,50
36,55,86,109,84,75,93,146,96,46,168,53,74,153,140,46,20,0,48,142,42
36,67,91,70,97,108,141,109,64,12,120,18,76,112,94,27,38,48,0,94,87
117,137,163,81,157,186,235,68,76,100,26,91,132,54,27,111,131,142,94,0,181
78,90,78,134,113,87,62,188,138,81,206,94,110,194,180,74,50,42,87,181,0
The distance between each location:
(where rows and columns denote locations from factory 2 to customers)
0,123,116,35,150,169,203,100,82,65,71,69,125,92,65,71,95,111,63,47,144
123,0,139,136,31,50,117,115,67,74,159,54,20,127,124,85,69,55,67,137,90
116,139,0,89,169,157,135,198,156,80,187,109,156,197,174,64,70,86,91,163,78
35,136,89,0,166,177,195,135,110,65,102,83,143,128,100,63,90,109,70,81,134
150,31,169,166,0,44,127,121,82,105,177,83,25,136,140,116,100,84,97,157,113
169,50,157,177,44,0,85,161,116,112,209,100,61,175,174,118,95,75,108,186,87
203,117,135,195,127,85,0,230,180,138,260,144,136,240,230,134,108,93,141,235,62
100,115,198,135,121,161,230,0,50,120,73,96,100,18,42,135,144,146,109,68,188
82,67,156,110,82,116,180,50,0,76,95,48,57,60,58,91,96,96,64,76,138
65,74,80,65,105,112,138,120,76,0,126,30,85,122,103,16,31,46,12,100,81
71,159,187,102,177,209,260,73,95,126,0,116,152,56,37,136,157,168,120,26,206
69,54,109,83,83,100,144,96,48,30,116,0,60,100,87,45,49,53,18,91,94
125,20,156,143,25,61,136,100,57,85,152,60,0,114,116,98,86,74,76,132,110
92,127,197,128,136,175,240,18,60,122,56,100,114,0,29,136,148,153,112,54,194
65,124,174,100,140,174,230,42,58,103,37,87,116,29,0,116,132,140,94,27,180
71,85,64,63,116,118,134,135,91,16,136,45,98,136,116,0,27,46,27,111,74
95,69,70,90,100,95,108,144,96,31,157,49,86,148,132,27,0,20,38,131,50
111,55,86,109,84,75,93,146,96,46,168,53,74,153,140,46,20,0,48,142,42
63,67,91,70,97,108,141,109,64,12,120,18,76,112,94,27,38,48,0,94,87
47,137,163,81,157,186,235,68,76,100,26,91,132,54,27,111,131,142,94,0,181
144,90,78,134,113,87,62,188,138,81,206,94,110,194,180,74,50,42,87,181,0

The weight of orders:
12,19,12,13,15,14,16,20,14,15,13,18,16,13,20,11,19,13,11,18

The unit tardiness penalty of orders:

10,6,6,7,7,10,6,7,9,7,6,8,8,10,8,7,6,10,10,7

The due date of orders:
91,397,238,408,228,318,384,471,573,328,284,427,617,413,415,636,408,264,731,221

the loading and unloading time of each order:
3,5,3,3,4,4,4,5,4,4,3,5,4,3,5,3,5,3,3,5

The sequence dependent setup time of each job processed on machine 1.
(Where rows denote jobs: 1 to 20 and columns denote jobs: 0 to 20.For example:The value of Sijk is in row j,column i+1.)
15,20,20,13,19,16,20,11,20,16,11,15,14,11,18,12,10,10,20,15
20,17,18,16,17,11,13,18,14,19,17,10,16,13,10,13,14,14,20,17
10,17,12,12,17,15,15,16,17,20,18,19,20,12,20,12,13,14,16,14
10,17,10,20,20,10,13,20,20,19,11,19,10,13,11,12,10,20,19,17
19,20,11,12,16,20,13,14,16,13,15,15,20,17,10,18,17,20,15,11
15,10,12,18,16,15,16,12,13,10,15,11,12,14,19,15,14,19,12,16
10,17,13,15,18,15,11,14,20,12,14,12,11,16,18,18,10,17,19,17
14,19,13,15,14,11,12,17,17,10,15,14,20,19,12,18,10,14,10,12
20,12,15,15,11,14,20,20,19,20,18,13,14,13,12,17,19,12,17,13
13,15,12,20,19,10,20,13,13,14,20,15,16,19,15,11,20,15,18,15
11,12,16,16,14,16,12,11,11,17,18,12,13,15,17,17,18,16,12,20
16,12,18,18,10,11,16,17,11,18,12,17,18,11,16,15,11,12,11,12
20,12,20,14,10,17,10,20,18,12,15,16,19,13,13,13,10,11,12,20
13,14,16,15,19,14,14,16,17,19,10,14,12,12,14,13,12,20,10,17
16,20,14,20,10,17,17,20,13,14,11,14,20,12,17,20,14,16,20,19
18,14,20,17,14,11,20,19,18,20,16,11,13,11,20,11,15,20,15,17
20,19,17,10,11,14,18,15,14,14,19,10,17,12,19,17,13,12,17,16
14,20,13,10,10,11,20,14,17,13,17,18,10,15,15,20,17,15,10,18
15,18,15,15,20,17,12,17,18,19,15,20,10,14,11,17,14,18,17,11
16,19,13,12,20,16,17,14,11,19,11,18,17,17,18,13,10,14,12,17
18,17,19,19,14,15,10,20,11,10,18,12,14,10,15,14,11,19,17,18

The sequence dependent setup time of each job processed on machine 2.
(Where rows denote jobs: 1 to 20 and columns denote jobs: 0 to 20.For example:The value of Sijk is in row j,column i+1.)
15,10,17,20,11,13,12,12,12,20,13,13,18,19,12,19,19,20,12,20
16,19,20,18,11,20,15,11,12,16,17,16,11,14,13,18,13,10,15,15
11,11,20,18,18,11,15,11,16,10,15,10,10,19,13,19,15,12,10,14
15,19,19,16,18,18,13,19,15,12,15,20,10,15,19,16,10,16,14,15
17,19,13,18,11,16,15,19,12,11,12,16,17,17,17,10,17,17,17,13
14,18,14,10,14,10,14,14,16,15,11,18,10,17,14,20,10,11,13,11
17,14,17,13,15,20,11,16,18,12,19,13,20,20,11,16,11,11,11,11
11,13,18,20,16,20,18,15,16,17,20,12,15,10,20,10,17,12,17,15
11,10,20,16,11,16,18,19,20,18,20,16,19,18,17,11,20,12,13,12
11,20,11,17,15,13,18,11,15,17,10,18,11,14,14,14,16,20,12,12
20,17,11,18,14,11,12,15,10,17,10,19,18,11,20,18,10,10,18,18
13,19,14,12,14,13,13,15,20,19,13,11,11,14,15,18,11,18,18,10
12,18,13,20,15,12,15,13,12,11,13,11,12,17,18,12,15,20,17,11
17,17,16,12,18,20,14,17,14,16,16,16,12,20,20,10,19,18,18,13
17,16,17,15,13,11,10,10,17,10,14,10,10,14,14,17,10,14,11,10
19,15,15,11,15,15,14,13,17,18,12,14,14,11,10,17,20,15,10,13
15,20,16,12,16,13,19,19,17,16,15,13,18,10,10,11,18,10,19,18
12,18,19,15,17,10,16,15,19,11,20,15,20,12,14,18,14,17,16,12
13,17,15,18,13,20,16,13,14,17,15,20,17,10,12,12,11,15,16,14
17,12,17,10,16,15,17,14,16,10,18,13,15,15,17,14,20,18,10,19
11,19,18,10,18,17,17,19,18,16,12,13,15,10,15,17,10,16,18,10

The sequence dependent setup time of each job processed on machine 3.
(Where rows denote jobs: 1 to 20 and columns denote jobs: 0 to 20.For example:The value of Sijk is in row j,column i+1.)
10,17,14,20,13,20,18,18,10,11,10,17,17,19,11,16,13,20,20,18
12,14,16,14,17,18,13,15,13,20,16,13,19,10,17,19,14,19,10,15
16,13,14,18,18,20,19,13,17,13,13,14,20,17,18,10,10,10,18,17
14,12,14,15,13,13,11,11,13,12,11,16,14,15,13,17,10,15,10,15
13,18,17,19,16,12,15,16,10,17,13,10,14,11,19,16,18,13,13,15
18,15,14,16,17,18,19,17,12,17,20,18,20,19,20,18,10,17,16,13
19,14,15,19,12,11,19,13,16,17,12,14,16,11,16,15,12,18,13,12
11,13,16,16,20,18,14,20,13,12,11,15,18,13,19,16,11,20,20,15
15,16,14,17,19,17,16,11,16,20,10,13,20,19,17,19,19,17,20,17
15,20,17,18,17,13,12,13,15,12,18,18,15,13,17,13,15,20,16,10
11,11,18,12,15,17,17,15,10,16,19,16,18,15,13,10,19,15,17,10
13,18,20,15,14,19,11,17,20,18,16,19,10,12,19,16,20,13,18,19
20,13,18,18,11,17,14,20,11,10,19,17,14,16,12,16,11,19,16,20
14,12,13,16,17,20,19,19,11,18,19,19,14,19,18,13,12,19,14,15
17,16,12,17,12,11,10,13,11,13,10,15,16,19,14,12,13,18,13,13
12,19,10,13,13,12,15,10,16,10,15,17,11,15,19,18,14,11,10,14
16,16,13,13,20,19,12,16,13,11,11,17,12,14,15,14,16,14,10,15
19,11,11,12,13,17,18,18,20,16,20,17,11,19,19,16,12,14,20,15
12,20,11,20,17,18,19,11,19,16,15,19,10,17,15,16,20,15,11,14
20,10,12,17,12,11,18,12,11,14,15,15,18,17,20,19,13,10,20,14
16,15,15,13,12,12,13,11,16,11,16,13,17,13,13,19,19,10,16,13

The sequence dependent setup time of each job processed on machine 4.
(Where rows denote jobs: 1 to 20 and columns denote jobs: 0 to 20.For example:The value of Sijk is in row j,column i+1.)
17,11,11,11,12,11,14,12,11,13,11,20,16,18,13,10,14,20,15,19
11,20,10,10,20,13,13,16,11,20,17,19,17,20,13,18,14,18,14,13
14,19,20,16,12,19,12,19,19,19,10,12,12,17,18,20,19,18,13,17
18,17,10,10,12,10,11,13,15,10,20,19,14,13,18,15,19,10,15,19
15,13,16,14,18,11,11,15,12,15,15,19,13,10,12,11,13,10,13,17
17,13,18,10,12,14,14,17,14,16,14,14,10,12,14,14,17,12,20,19
18,17,13,19,20,11,15,12,20,10,16,15,11,14,15,16,10,16,18,12
12,19,10,10,16,13,17,15,12,10,11,13,12,14,10,10,13,12,18,12
17,16,17,10,14,13,12,18,13,11,15,10,14,16,10,20,12,16,12,20
19,15,19,20,13,14,17,15,15,20,11,10,17,10,12,15,17,19,19,17
12,18,16,17,20,18,12,16,13,12,12,11,18,10,20,18,17,18,11,10
17,13,17,13,14,15,11,15,12,16,15,10,11,20,19,16,14,19,18,19
16,20,18,19,12,13,17,10,16,11,13,20,17,16,19,20,20,15,17,14
11,15,11,11,19,16,11,14,18,20,12,15,14,19,16,11,17,20,11,12
15,19,20,11,15,19,15,20,16,19,15,18,17,17,19,11,10,10,17,11
20,15,18,14,16,18,17,12,17,13,19,15,20,17,12,18,19,20,16,20
13,14,14,19,10,19,19,18,17,20,16,18,19,17,18,13,14,14,11,15
12,19,19,19,15,11,13,10,14,11,14,11,17,12,10,12,11,15,14,14
14,11,19,16,11,12,16,16,20,19,20,13,10,14,14,17,19,12,15,16
17,17,10,15,20,16,19,20,19,16,11,10,11,13,14,16,18,16,17,11
17,12,14,18,20,15,10,17,13,15,12,10,13,14,20,19,14,18,14,14

The sequence dependent setup time of each job processed on machine 5.
(Where rows denote jobs: 1 to 20 and columns denote jobs: 0 to 20.For example:The value of Sijk is in row j,column i+1.)
17,15,15,11,20,15,18,11,10,19,10,10,19,19,12,11,16,11,13,17
16,19,16,17,13,12,20,13,20,11,12,20,14,18,18,16,10,13,16,11
12,10,11,12,10,14,17,12,10,16,20,17,11,12,20,14,12,19,10,10
19,17,20,17,18,10,15,12,20,12,10,19,17,14,17,12,20,14,18,16
14,14,18,17,11,20,18,10,18,10,19,17,16,12,17,18,16,12,16,15
20,11,11,13,15,15,19,20,11,12,16,12,17,12,13,19,14,19,18,16
10,17,14,10,10,18,17,18,13,16,20,10,15,17,13,15,10,16,18,15
15,17,20,13,13,12,13,19,17,19,15,11,12,10,13,10,19,17,11,11
16,19,13,12,13,18,12,16,14,14,10,20,12,19,15,13,17,19,20,15
13,19,10,17,20,18,15,16,17,10,19,18,16,11,14,20,17,14,12,20
16,15,14,12,20,10,13,18,13,16,15,12,13,10,16,20,11,10,11,17
13,18,14,15,17,10,18,17,10,16,10,20,14,20,14,19,10,15,18,14
10,11,15,19,16,20,20,16,13,18,14,17,17,10,12,16,20,19,12,20
17,20,12,16,17,10,17,11,15,14,15,20,10,19,13,20,19,17,18,15
10,12,20,13,18,11,12,12,10,16,11,17,18,12,17,16,17,19,19,15
12,17,10,10,15,14,20,11,19,17,16,17,18,15,13,14,12,13,10,18
13,11,13,19,10,17,14,11,14,14,12,20,12,10,10,12,20,11,11,10
16,13,15,15,20,16,20,13,16,10,17,16,16,12,14,14,12,12,17,17
17,12,20,11,10,18,18,11,13,17,20,20,16,19,19,12,17,11,13,20
10,16,19,16,20,15,12,17,20,19,13,16,10,19,15,19,12,14,13,18
13,17,18,10,19,12,18,16,10,18,19,12,12,15,16,14,20,16,16,16

