The number of factories:
2
The number of jobs:
20
The number of machines:
4
The number of vehicles:
4
The number of workers:
2

The factory where machine i is located:
1,2,2,2

The vehicle which belong to factory 1:
1
The vehicle which belong to factory 2:
2,3,4

The processing time of each order processed on different machines:
(where rows denote orders: 1 to 20 and columns denote machines: 1 to 
4)
26,25,32,26,20,40,26,27,21,20,30,31,22,21,23,40,39,29,36,26
28,23,24,30,29,30,33,36,23,29,24,27,23,22,34,36,27,30,28,38
35,28,31,22,37,29,25,25,21,33,25,40,39,27,30,24,39,29,39,28
39,29,36,29,37,34,25,31,20,28,35,28,26,33,23,23,30,27,27,38

The coefficient of each worker on each machine:
(where rows denote workers: 1 to 2 and columns denote machines: 1 to 
4)
0.75,1.25,1.25,0.75
1.5,1,1.5,1.5

The unit processing cost of machines:

6,6,10,8

The unit idle cost of machines:

3,4,3,3

The distance between each location:
(where rows and columns denote locations from factory 1 to customers)
0,184,138,187,88,90,62,85,180,51,97,54,89,172,105,86,70,46,156,132,117
184,0,47,85,135,133,125,123,70,133,91,170,98,97,114,171,116,193,114,111,136
138,47,0,95,100,99,81,86,80,87,44,129,54,97,73,136,69,151,104,91,110
187,85,95,0,106,104,127,103,16,144,126,150,106,21,164,135,138,175,46,61,89
88,135,100,106,0,2,45,15,104,64,86,44,52,88,123,36,74,69,69,46,30
90,133,99,104,2,0,46,15,102,64,86,46,52,86,123,38,75,71,67,44,28
62,125,81,127,45,46,0,34,120,19,50,51,28,115,80,69,30,70,102,78,73
85,123,86,103,15,15,34,0,99,53,71,49,37,87,108,50,61,74,72,47,40
180,70,80,16,104,102,120,99,0,135,113,147,96,30,151,136,127,173,53,62,91
51,133,87,144,64,64,19,53,135,0,48,59,40,133,68,83,22,72,121,97,92
97,91,44,126,86,86,50,71,113,48,0,101,35,121,41,117,27,118,119,98,107
54,170,129,150,44,46,51,49,147,59,101,0,75,132,127,32,79,25,112,90,68
89,98,54,106,52,52,28,37,96,40,35,75,0,96,74,85,33,97,89,67,72
172,97,97,21,88,86,115,87,30,133,121,132,96,0,161,115,129,157,25,42,68
105,114,73,164,123,123,80,108,151,68,41,127,74,161,0,149,49,139,160,139,146
86,171,136,135,36,38,69,50,136,83,117,32,85,115,149,0,100,49,92,74,47
70,116,69,138,74,75,30,61,127,22,27,79,33,129,49,100,0,94,122,99,100
46,193,151,175,69,71,70,74,173,72,118,25,97,157,139,49,94,0,137,115,92
156,114,104,46,69,67,102,72,53,121,119,112,89,25,160,92,122,137,0,25,45
132,111,91,61,46,44,78,47,62,97,98,90,67,42,139,74,99,115,25,0,28
117,136,110,89,30,28,73,40,91,92,107,68,72,68,146,47,100,92,45,28,0
The distance between each location:
(where rows and columns denote locations from factory 2 to customers)
0,62,87,32,127,125,139,121,24,154,126,170,114,52,160,159,143,195,76,86,115
62,0,47,85,135,133,125,123,70,133,91,170,98,97,114,171,116,193,114,111,136
87,47,0,95,100,99,81,86,80,87,44,129,54,97,73,136,69,151,104,91,110
32,85,95,0,106,104,127,103,16,144,126,150,106,21,164,135,138,175,46,61,89
127,135,100,106,0,2,45,15,104,64,86,44,52,88,123,36,74,69,69,46,30
125,133,99,104,2,0,46,15,102,64,86,46,52,86,123,38,75,71,67,44,28
139,125,81,127,45,46,0,34,120,19,50,51,28,115,80,69,30,70,102,78,73
121,123,86,103,15,15,34,0,99,53,71,49,37,87,108,50,61,74,72,47,40
24,70,80,16,104,102,120,99,0,135,113,147,96,30,151,136,127,173,53,62,91
154,133,87,144,64,64,19,53,135,0,48,59,40,133,68,83,22,72,121,97,92
126,91,44,126,86,86,50,71,113,48,0,101,35,121,41,117,27,118,119,98,107
170,170,129,150,44,46,51,49,147,59,101,0,75,132,127,32,79,25,112,90,68
114,98,54,106,52,52,28,37,96,40,35,75,0,96,74,85,33,97,89,67,72
52,97,97,21,88,86,115,87,30,133,121,132,96,0,161,115,129,157,25,42,68
160,114,73,164,123,123,80,108,151,68,41,127,74,161,0,149,49,139,160,139,146
159,171,136,135,36,38,69,50,136,83,117,32,85,115,149,0,100,49,92,74,47
143,116,69,138,74,75,30,61,127,22,27,79,33,129,49,100,0,94,122,99,100
195,193,151,175,69,71,70,74,173,72,118,25,97,157,139,49,94,0,137,115,92
76,114,104,46,69,67,102,72,53,121,119,112,89,25,160,92,122,137,0,25,45
86,111,91,61,46,44,78,47,62,97,98,90,67,42,139,74,99,115,25,0,28
115,136,110,89,30,28,73,40,91,92,107,68,72,68,146,47,100,92,45,28,0

The weight of orders:
10,20,16,12,15,20,17,20,17,18,11,14,18,19,15,20,15,12,17,19

The unit tardiness penalty of orders:

7,6,10,7,6,9,9,10,6,6,9,9,9,8,8,10,8,9,9,8

The due date of orders:
767,306,556,547,442,184,386,491,566,673,187,211,552,246,691,442,692,907,538,355

the loading and unloading time of each order:
3,5,4,3,4,5,4,5,4,5,3,4,5,5,4,5,4,3,4,5

The sequence dependent setup time of each job processed on machine 1.
(Where rows denote jobs: 1 to 20 and columns denote jobs: 0 to 20.For example:The value of Sijk is in row j,column i+1.)
18,14,10,12,11,12,12,15,10,16,18,14,11,16,12,11,14,13,16,18
15,16,16,17,16,16,20,10,14,18,19,11,12,20,16,11,20,16,17,16
19,11,16,18,19,12,11,14,11,15,20,12,12,18,17,10,12,17,14,12
20,16,15,16,19,15,14,10,18,17,20,12,19,18,16,17,17,11,17,12
14,19,20,10,15,10,18,16,14,14,11,17,11,20,14,10,17,11,16,13
11,12,13,16,17,15,16,16,10,10,18,17,17,20,16,15,13,20,18,15
14,18,20,19,16,14,16,11,20,15,14,17,14,10,20,13,14,17,19,15
17,16,20,15,17,20,18,15,11,20,13,18,16,17,15,20,15,20,10,18
14,13,10,18,17,12,20,12,14,11,20,20,10,20,12,13,13,16,16,19
20,16,11,12,10,10,15,14,18,14,11,20,11,19,14,15,12,14,11,11
16,20,16,10,10,17,11,14,18,12,18,17,12,17,15,16,20,18,20,17
19,15,17,20,19,10,18,18,19,17,17,11,10,18,15,13,11,19,20,11
11,10,17,19,13,15,19,18,15,13,15,12,12,12,10,13,13,17,14,19
17,14,11,14,11,19,15,20,14,17,20,18,14,14,20,16,20,17,11,20
12,11,10,13,17,16,16,20,17,15,12,13,11,19,17,13,20,16,19,11
15,16,12,11,14,17,15,17,14,12,19,19,11,20,18,10,17,19,17,20
17,16,12,11,10,19,10,12,13,20,18,14,19,12,17,11,18,19,19,14
17,14,16,20,16,16,16,10,20,12,20,16,12,17,17,14,15,14,13,13
11,16,15,19,14,10,18,15,20,15,19,17,17,10,18,18,11,18,18,19
18,11,16,18,19,12,20,14,17,10,14,10,10,11,17,18,16,11,15,17
19,19,15,16,15,12,20,12,10,17,10,16,10,20,15,11,13,18,13,18

The sequence dependent setup time of each job processed on machine 2.
(Where rows denote jobs: 1 to 20 and columns denote jobs: 0 to 20.For example:The value of Sijk is in row j,column i+1.)
17,16,18,19,19,15,13,16,11,17,18,16,17,10,19,14,15,13,17,17
16,20,17,10,15,19,12,20,15,14,16,10,11,12,10,15,15,13,19,12
12,20,10,11,12,14,12,17,18,14,18,10,16,15,17,20,10,15,18,16
10,12,12,17,16,17,18,20,19,20,16,13,11,16,18,20,15,11,15,15
19,20,17,19,17,10,15,17,10,14,11,12,11,20,17,19,19,10,12,15
18,14,17,11,10,14,16,11,12,10,18,12,13,10,16,15,17,16,14,10
14,19,10,11,10,10,16,11,15,20,16,19,11,17,17,17,17,18,11,20
20,10,11,16,15,18,16,17,10,13,11,15,19,18,19,11,18,15,11,16
15,20,14,15,14,10,18,17,18,20,10,13,10,12,16,13,12,16,18,19
18,19,17,10,10,10,11,16,20,19,14,13,11,10,19,10,16,16,16,16
16,13,14,19,13,15,20,15,17,15,19,15,20,13,19,10,16,18,18,18
13,19,15,14,19,18,16,20,18,19,14,12,18,15,16,19,20,20,13,12
18,20,15,10,19,20,19,18,20,10,16,20,10,18,11,13,11,15,20,15
10,10,16,15,14,15,16,12,11,12,15,12,11,18,17,15,16,16,20,17
17,20,18,10,12,11,14,13,12,20,13,17,15,13,19,18,13,13,20,11
11,10,20,15,15,10,18,15,14,19,19,11,14,20,19,19,17,19,17,11
18,18,15,11,20,11,18,16,18,13,11,11,16,17,13,18,18,15,17,15
13,11,20,18,16,11,18,17,14,15,15,17,12,18,18,15,16,18,17,11
13,18,20,11,14,13,16,11,17,15,14,15,14,15,13,19,15,14,19,13
15,10,20,18,15,10,18,17,20,17,11,16,12,11,19,14,16,13,20,10
16,18,15,20,18,14,19,20,17,13,10,19,13,13,15,19,11,19,16,14

The sequence dependent setup time of each job processed on machine 3.
(Where rows denote jobs: 1 to 20 and columns denote jobs: 0 to 20.For example:The value of Sijk is in row j,column i+1.)
13,14,16,19,10,17,14,10,14,11,20,11,20,12,11,10,14,15,15,12
12,16,10,10,12,18,20,11,15,14,18,16,12,13,13,10,20,10,16,16
18,10,12,18,12,10,19,18,19,14,19,15,18,12,11,15,12,16,18,20
18,13,14,11,19,12,19,16,14,13,14,13,10,11,18,19,15,11,18,20
16,14,12,10,20,20,18,10,17,19,17,20,18,13,16,20,14,18,19,19
18,14,16,14,10,12,20,10,11,17,20,10,19,13,12,19,18,12,13,17
10,10,10,16,15,20,11,13,11,10,11,18,17,13,14,15,13,17,15,15
15,12,13,17,10,18,10,17,18,14,13,16,18,14,15,12,11,18,14,11
13,20,12,13,17,14,11,19,18,18,10,11,12,17,19,17,18,10,12,16
16,13,12,14,10,12,14,11,18,19,14,19,12,17,12,19,13,12,16,18
19,15,16,17,20,18,14,16,14,19,13,16,16,10,11,14,11,13,15,20
16,19,14,14,13,10,19,13,19,13,11,12,19,17,15,14,15,17,16,13
16,11,13,10,10,13,19,18,12,10,15,17,10,19,15,14,20,14,13,18
12,13,13,17,11,11,13,16,11,20,19,14,17,17,12,20,13,14,15,15
15,14,10,17,20,10,16,20,18,20,19,11,13,13,14,19,20,11,15,10
12,11,16,11,10,15,12,13,11,16,19,14,18,12,12,13,18,20,19,16
11,14,13,17,11,16,17,14,12,20,16,18,16,16,20,17,20,18,13,11
14,10,12,15,15,10,12,12,14,18,11,14,10,15,19,17,14,14,19,14
15,19,12,18,17,20,18,17,14,17,11,16,19,12,11,11,17,16,15,11
16,19,19,13,11,14,20,10,10,13,11,13,12,19,12,13,12,13,15,16
19,14,16,10,15,19,19,20,20,10,19,10,15,10,16,14,11,17,13,17

The sequence dependent setup time of each job processed on machine 4.
(Where rows denote jobs: 1 to 20 and columns denote jobs: 0 to 20.For example:The value of Sijk is in row j,column i+1.)
19,14,16,14,19,13,15,17,14,10,19,11,17,12,10,19,18,19,20,20
18,15,10,15,15,14,18,17,10,15,20,11,10,17,14,12,10,16,13,19
16,17,18,20,11,11,20,17,13,18,19,17,14,18,17,20,13,13,13,16
18,17,13,19,13,20,18,17,19,13,18,11,14,16,13,19,12,19,17,15
18,10,10,18,16,15,12,17,12,13,13,10,10,20,17,11,13,16,15,14
12,19,12,16,17,16,10,12,13,17,17,15,10,15,15,12,12,10,19,15
18,17,17,17,17,18,15,10,20,16,14,14,12,20,19,20,16,14,11,15
15,16,20,18,10,11,10,12,13,18,20,16,18,11,12,14,20,19,15,18
13,17,18,10,13,10,13,12,16,19,19,13,11,19,16,19,20,17,16,19
11,11,20,14,16,14,20,11,18,14,15,15,12,15,16,10,15,12,14,16
15,19,12,20,11,15,12,18,11,18,14,15,15,13,16,16,13,14,10,15
11,20,11,19,16,18,18,18,17,17,14,19,20,14,20,15,18,14,10,16
18,15,12,11,17,17,10,14,12,11,11,11,13,19,10,17,11,20,14,16
20,17,20,15,10,14,10,20,11,10,13,15,11,16,17,17,12,14,14,15
11,13,18,15,20,11,15,14,20,18,11,13,20,16,17,13,19,16,20,15
18,17,15,15,12,18,17,10,12,16,17,13,12,17,12,10,11,11,14,10
20,13,12,11,15,16,16,17,12,14,15,10,17,18,19,10,18,14,15,15
13,20,20,20,15,15,14,10,11,14,15,16,20,18,19,12,14,19,14,11
16,14,13,14,14,15,14,15,16,15,15,13,10,12,15,17,15,12,10,17
14,17,12,18,10,19,15,20,18,15,10,15,20,15,19,11,11,12,18,20
11,12,19,13,14,11,13,19,20,19,13,16,13,14,13,17,18,20,10,17

