The number of factories:
2
The number of jobs:
20
The number of machines:
5
The number of vehicles:
3
The number of workers:
3

The factory where machine i is located:
1,1,1,2,2

The vehicle which belong to factory 1:
1
The vehicle which belong to factory 2:
2,3

The processing time of each order processed on different machines:
(where rows denote orders: 1 to 20 and columns denote machines: 1 to 
5)
20,36,39,27,29,26,21,23,27,26,29,30,35,33,25,29,38,39,23,35
32,39,25,35,31,24,34,26,21,25,35,33,39,30,30,40,33,27,34,35
28,20,26,35,40,31,20,27,30,32,31,31,20,27,29,24,37,25,23,25
20,36,37,27,32,33,21,24,23,39,24,26,34,34,33,32,30,30,40,30
38,25,36,29,39,37,38,31,24,22,38,37,34,39,32,33,25,36,32,22

The coefficient of each worker on each machine:
(where rows denote workers: 1 to 3 and columns denote machines: 1 to 
5)
0.75,1.5,1.25,1.5,1.25
1.25,0.75,1.25,1,0.5
0.75,1.5,0.75,1,1.5

The unit processing cost of machines:

6,7,9,10,8

The unit idle cost of machines:

4,3,3,2,2

The distance between each location:
(where rows and columns denote locations from factory 1 to customers)
0,162,150,150,79,153,35,108,115,73,117,44,154,50,93,57,123,137,19,98,70
162,0,154,160,83,63,130,60,48,95,48,199,102,207,111,106,140,138,149,143,107
150,154,0,260,125,198,125,111,125,107,122,152,57,159,191,139,232,240,156,216,95
150,160,260,0,136,101,149,157,148,154,151,191,231,194,70,123,29,22,131,51,167
79,83,125,136,0,88,48,32,36,20,38,117,100,125,67,26,107,115,68,95,36
153,63,198,101,88,0,130,88,74,108,77,196,155,203,71,98,86,80,135,97,124
35,130,125,149,48,130,0,74,82,38,83,70,121,77,83,32,120,133,32,99,36
108,60,111,157,32,88,74,0,15,36,13,142,74,150,91,58,131,136,99,122,47
115,48,125,148,36,74,82,15,0,47,4,151,85,159,84,61,122,126,104,116,60
73,95,107,154,20,108,38,36,47,0,47,106,89,113,84,34,125,134,66,110,16
117,48,122,151,38,77,83,13,4,47,0,152,81,160,88,63,126,129,106,120,60
44,199,152,191,117,196,70,142,151,106,152,0,172,8,137,99,165,180,63,140,97
154,102,57,231,100,155,121,74,85,89,81,172,0,179,165,122,204,210,153,195,85
50,207,159,194,125,203,77,150,159,113,160,8,179,0,143,106,169,184,69,144,105
93,111,191,70,67,71,83,91,84,84,88,137,165,143,0,54,41,51,74,32,97
57,106,139,123,26,98,32,58,61,34,63,99,122,106,54,0,94,105,43,77,45
123,140,232,29,107,86,120,131,122,125,126,165,204,169,41,94,0,16,104,25,138
137,138,240,22,115,80,133,136,126,134,129,180,210,184,51,105,16,0,118,41,148
19,149,156,131,68,135,32,99,104,66,106,63,153,69,74,43,104,118,0,80,67
98,143,216,51,95,97,99,122,116,110,120,140,195,144,32,77,25,41,80,0,122
70,107,95,167,36,124,36,47,60,16,60,97,85,105,97,45,138,148,67,122,0
The distance between each location:
(where rows and columns denote locations from factory 2 to customers)
0,182,167,153,99,168,56,129,135,94,137,38,174,41,104,76,128,144,33,103,91
182,0,154,160,83,63,130,60,48,95,48,199,102,207,111,106,140,138,149,143,107
167,154,0,260,125,198,125,111,125,107,122,152,57,159,191,139,232,240,156,216,95
153,160,260,0,136,101,149,157,148,154,151,191,231,194,70,123,29,22,131,51,167
99,83,125,136,0,88,48,32,36,20,38,117,100,125,67,26,107,115,68,95,36
168,63,198,101,88,0,130,88,74,108,77,196,155,203,71,98,86,80,135,97,124
56,130,125,149,48,130,0,74,82,38,83,70,121,77,83,32,120,133,32,99,36
129,60,111,157,32,88,74,0,15,36,13,142,74,150,91,58,131,136,99,122,47
135,48,125,148,36,74,82,15,0,47,4,151,85,159,84,61,122,126,104,116,60
94,95,107,154,20,108,38,36,47,0,47,106,89,113,84,34,125,134,66,110,16
137,48,122,151,38,77,83,13,4,47,0,152,81,160,88,63,126,129,106,120,60
38,199,152,191,117,196,70,142,151,106,152,0,172,8,137,99,165,180,63,140,97
174,102,57,231,100,155,121,74,85,89,81,172,0,179,165,122,204,210,153,195,85
41,207,159,194,125,203,77,150,159,113,160,8,179,0,143,106,169,184,69,144,105
104,111,191,70,67,71,83,91,84,84,88,137,165,143,0,54,41,51,74,32,97
76,106,139,123,26,98,32,58,61,34,63,99,122,106,54,0,94,105,43,77,45
128,140,232,29,107,86,120,131,122,125,126,165,204,169,41,94,0,16,104,25,138
144,138,240,22,115,80,133,136,126,134,129,180,210,184,51,105,16,0,118,41,148
33,149,156,131,68,135,32,99,104,66,106,63,153,69,74,43,104,118,0,80,67
103,143,216,51,95,97,99,122,116,110,120,140,195,144,32,77,25,41,80,0,122
91,107,95,167,36,124,36,47,60,16,60,97,85,105,97,45,138,148,67,122,0

The weight of orders:
11,20,20,11,19,11,15,16,20,15,20,13,11,18,16,16,11,19,10,18

The unit tardiness penalty of orders:

10,7,9,8,9,8,8,10,8,6,10,10,10,9,6,7,7,7,8,7

The due date of orders:
608,531,317,298,438,202,401,379,573,202,366,474,427,678,224,293,768,429,307,658

the loading and unloading time of each order:
3,5,5,3,5,3,4,4,5,4,5,3,3,5,4,4,3,5,3,5

The sequence dependent setup time of each job processed on machine 1.
(Where rows denote jobs: 1 to 20 and columns denote jobs: 0 to 20.For example:The value of Sijk is in row j,column i+1.)
19,15,18,12,17,17,16,10,17,16,12,16,15,11,18,11,11,11,10,12
10,19,11,15,15,13,11,17,13,18,18,20,20,11,14,13,20,16,14,19
10,14,20,12,15,15,15,13,12,16,11,20,10,19,20,12,11,14,11,12
10,14,19,17,16,11,13,19,19,10,18,15,14,13,12,16,16,10,17,12
13,19,18,18,16,16,14,18,10,15,14,10,20,14,20,15,13,14,12,16
19,20,16,16,18,19,10,15,10,13,11,10,11,12,14,19,10,11,20,17
17,14,10,10,17,18,20,15,17,10,15,10,19,12,10,11,13,15,14,16
11,12,10,10,20,20,16,17,19,17,18,20,10,14,14,11,15,17,10,16
10,12,10,13,13,18,11,18,15,19,10,14,17,11,10,15,15,19,17,11
19,14,15,20,17,17,10,16,20,12,20,16,19,11,13,15,15,13,11,16
20,15,10,15,16,18,20,15,11,17,13,12,20,14,16,20,13,16,18,19
14,17,18,15,15,17,20,12,20,16,12,13,17,15,18,13,12,13,19,19
12,18,10,18,17,10,17,14,20,19,15,12,10,18,13,10,15,13,17,11
16,16,13,20,11,20,20,20,14,11,20,18,12,12,18,17,15,11,10,20
20,17,11,17,18,18,11,16,19,16,12,10,14,19,18,16,15,14,15,11
11,16,16,18,19,11,17,18,20,18,19,15,13,12,20,19,12,17,16,15
12,18,13,16,15,20,14,18,20,15,18,20,14,19,11,20,12,15,17,18
11,20,16,10,17,13,12,10,13,13,18,14,10,20,14,14,18,12,15,19
14,14,15,18,16,16,10,10,18,14,16,18,12,16,10,19,19,16,18,17
19,12,18,11,15,20,14,14,13,20,12,16,16,13,17,18,11,16,13,10
20,19,20,12,20,16,17,14,19,11,16,14,16,20,11,19,14,14,12,16

The sequence dependent setup time of each job processed on machine 2.
(Where rows denote jobs: 1 to 20 and columns denote jobs: 0 to 20.For example:The value of Sijk is in row j,column i+1.)
18,19,13,10,14,20,10,17,15,14,16,13,16,19,10,16,12,15,17,18
12,20,14,15,17,15,13,16,17,18,18,15,16,12,17,12,10,18,14,17
17,13,14,19,20,12,19,18,17,14,20,11,15,17,18,13,14,20,13,11
16,20,14,13,12,14,10,18,20,12,12,19,12,13,11,12,10,17,15,15
18,19,18,11,15,19,17,18,16,15,17,14,11,13,12,20,11,14,13,17
11,15,10,20,18,16,19,13,19,20,12,16,18,20,13,19,20,14,17,15
20,16,19,20,19,11,17,10,19,13,18,17,10,19,15,15,15,12,15,18
20,16,17,16,12,14,13,19,20,11,16,18,20,19,14,10,18,18,14,16
18,19,17,15,12,13,13,12,16,17,17,17,11,19,14,17,13,14,15,19
16,12,14,20,15,14,15,10,19,18,14,12,10,20,16,15,17,19,11,13
10,14,19,13,13,12,20,18,18,15,20,19,10,13,15,16,13,18,12,19
16,18,12,13,13,15,15,18,14,20,20,16,11,20,12,12,18,14,20,18
19,20,13,11,11,13,10,13,15,19,16,14,19,15,13,17,17,18,12,20
11,15,15,14,11,19,14,13,19,16,12,13,16,20,16,18,12,14,15,12
18,20,13,18,16,16,19,10,16,16,14,16,18,11,12,20,17,17,12,15
16,14,16,15,10,20,12,18,11,11,18,11,15,11,18,11,16,14,11,14
20,15,12,10,17,19,15,18,19,20,10,20,16,13,14,16,14,17,15,15
19,13,10,16,12,10,10,15,12,16,19,13,12,19,16,15,11,14,11,18
12,17,12,10,15,17,15,10,20,10,14,13,20,12,14,12,16,18,14,19
20,13,11,17,11,13,14,18,14,12,10,12,11,16,10,18,18,11,18,16
20,15,12,11,18,14,16,20,12,12,10,12,13,12,18,14,12,10,14,20

The sequence dependent setup time of each job processed on machine 3.
(Where rows denote jobs: 1 to 20 and columns denote jobs: 0 to 20.For example:The value of Sijk is in row j,column i+1.)
20,12,14,14,15,17,10,20,15,14,20,16,13,16,13,11,16,16,11,20
10,20,12,13,18,10,18,10,20,19,18,17,20,14,18,14,14,10,20,14
15,16,18,19,16,11,20,11,16,11,20,16,20,16,15,14,12,19,13,19
13,18,16,13,15,20,14,11,20,14,19,17,10,14,20,11,20,13,19,16
14,13,12,17,17,16,13,20,18,17,18,19,16,17,18,19,16,20,13,20
14,20,17,15,13,15,16,18,17,20,12,14,16,10,17,10,13,15,13,12
19,18,17,19,18,10,16,10,12,11,20,19,18,13,13,17,18,20,12,20
13,17,15,20,19,13,14,17,17,13,17,19,20,14,14,17,14,20,10,14
10,20,13,13,13,12,16,20,13,19,11,20,10,13,18,14,20,12,16,17
16,14,19,14,13,16,17,12,15,18,15,19,16,10,20,14,10,10,20,10
13,19,18,16,11,10,11,15,11,19,13,17,16,10,12,17,15,15,13,15
12,12,15,19,18,12,20,10,11,16,19,15,12,11,19,10,20,14,17,11
15,15,11,11,11,18,18,20,15,11,19,16,19,14,13,20,13,11,12,15
15,14,10,20,13,17,12,13,16,19,15,18,17,12,14,13,18,12,18,20
13,17,20,12,10,20,16,13,19,16,16,13,18,18,17,13,18,10,20,18
20,18,20,13,10,15,20,17,19,15,17,13,17,18,16,18,14,13,13,17
17,10,20,11,10,20,17,12,11,10,19,12,15,20,11,19,14,14,11,11
17,12,17,13,17,18,15,16,16,12,14,19,11,10,14,15,15,11,19,16
13,11,17,20,17,15,13,10,13,10,20,13,12,13,10,19,14,10,11,13
18,19,16,17,16,20,20,12,13,10,16,11,15,10,11,17,12,18,17,17
14,16,11,20,20,10,14,17,17,14,10,15,18,12,13,13,15,10,11,20

The sequence dependent setup time of each job processed on machine 4.
(Where rows denote jobs: 1 to 20 and columns denote jobs: 0 to 20.For example:The value of Sijk is in row j,column i+1.)
17,15,16,10,18,15,19,11,14,18,19,16,19,20,10,13,13,11,15,19
16,20,11,20,14,19,12,15,12,18,14,10,11,18,18,11,18,17,11,10
12,11,14,10,12,12,13,20,18,12,18,15,15,20,10,19,11,17,18,17
13,14,19,16,13,17,18,20,18,10,19,11,14,17,16,10,12,19,10,10
10,15,16,13,18,11,14,17,14,15,19,10,18,10,16,19,17,19,16,11
12,20,10,15,10,19,10,19,12,11,17,15,17,14,12,11,12,12,17,13
17,14,19,17,18,16,12,15,17,16,15,19,15,10,19,16,14,11,12,15
15,16,14,18,11,14,17,14,13,12,17,16,10,17,19,10,16,20,20,11
16,16,17,11,12,12,11,14,19,15,16,19,16,13,14,13,17,14,11,20
14,11,20,18,16,20,11,15,17,18,19,14,19,14,18,19,19,12,15,13
15,11,10,16,20,10,11,18,11,18,15,12,11,20,18,14,13,11,20,11
18,19,10,19,14,18,20,10,16,16,18,14,20,18,17,18,20,15,10,19
12,13,13,16,18,17,20,18,16,15,20,18,15,17,10,10,20,17,15,18
11,19,19,13,11,11,13,13,17,12,12,13,10,15,19,16,20,14,12,14
18,15,19,10,11,18,18,19,19,11,10,16,20,13,20,15,15,16,18,12
20,16,12,14,20,17,12,13,17,18,13,10,17,16,20,20,15,11,15,14
14,17,11,12,13,17,19,13,19,16,11,11,17,13,16,10,18,12,17,10
18,18,19,13,13,13,11,12,13,15,13,10,17,14,15,17,12,11,18,17
13,14,16,16,11,13,14,15,10,12,11,19,14,15,14,11,19,10,12,15
20,12,17,12,17,13,20,10,10,10,13,12,18,10,11,14,13,11,15,16
16,12,18,18,19,17,14,17,15,20,19,16,19,16,16,13,10,20,20,19

The sequence dependent setup time of each job processed on machine 5.
(Where rows denote jobs: 1 to 20 and columns denote jobs: 0 to 20.For example:The value of Sijk is in row j,column i+1.)
10,18,19,20,15,13,15,16,12,10,14,19,12,14,11,13,11,20,13,16
19,19,13,14,20,13,16,17,16,18,10,16,11,19,13,19,12,13,10,14
10,11,18,17,13,14,12,11,11,14,19,18,10,15,10,20,16,17,12,11
18,14,11,11,14,11,10,10,16,20,17,20,11,15,18,12,15,20,11,16
20,11,13,14,19,10,12,13,11,13,17,13,11,10,16,12,16,16,19,10
17,20,19,12,16,11,16,14,15,17,15,19,12,19,16,17,13,19,17,15
15,19,12,11,20,15,16,15,14,15,12,20,15,10,16,13,17,15,11,19
17,20,18,17,13,10,20,12,18,11,14,11,14,16,18,14,17,13,13,16
13,17,15,18,17,18,16,14,11,20,15,10,19,10,15,13,20,11,12,14
10,16,15,16,15,10,12,12,20,14,10,14,13,13,12,12,11,13,14,12
20,11,14,18,16,10,10,15,16,11,15,20,19,13,15,15,16,20,11,20
18,10,15,14,15,16,12,18,20,11,15,13,20,16,14,19,10,18,15,18
15,13,18,17,16,11,12,12,15,19,10,15,11,16,12,14,12,11,17,16
11,14,12,10,17,17,13,14,15,19,12,18,15,18,10,20,13,17,12,20
14,11,12,15,14,16,12,20,11,14,12,19,11,14,16,11,11,14,11,19
11,18,20,11,18,18,16,19,12,16,13,18,12,17,17,15,11,15,19,20
13,15,20,18,18,18,17,13,15,18,14,19,16,16,10,14,10,10,17,13
19,18,17,20,13,15,20,14,11,18,19,11,20,11,12,10,13,15,20,12
15,13,11,20,11,10,20,14,20,11,16,14,19,20,18,10,11,20,14,13
19,20,15,20,20,10,20,20,20,20,15,18,19,20,17,15,17,18,14,13
15,15,14,17,19,18,16,18,12,10,14,11,18,14,14,20,20,17,13,19

