The number of factories:
2
The number of jobs:
20
The number of machines:
5
The number of vehicles:
4
The number of workers:
3

The factory where machine i is located:
1,1,1,2,2

The vehicle which belong to factory 1:
1,2
The vehicle which belong to factory 2:
3,4

The processing time of each order processed on different machines:
(where rows denote orders: 1 to 20 and columns denote machines: 1 to 
5)
32,26,23,36,25,35,38,26,26,40,35,32,24,32,21,23,39,28,26,29
35,23,29,33,28,27,35,39,28,38,40,38,30,33,34,34,27,21,32,20
25,27,31,21,37,35,36,32,28,37,28,39,34,21,23,20,39,33,28,24
34,27,34,20,37,27,27,33,38,22,29,35,30,32,21,25,22,25,29,22
24,35,39,20,23,36,33,20,40,32,34,22,31,39,32,37,32,39,20,23

The coefficient of each worker on each machine:
(where rows denote workers: 1 to 3 and columns denote machines: 1 to 
5)
0.5,1.5,1.5,1,1
0.75,1.25,1.5,1.25,1.5
0.5,1.25,0.5,0.5,0.5

The unit processing cost of machines:

8,7,8,8,9

The unit idle cost of machines:

2,4,3,2,1

The distance between each location:
(where rows and columns denote locations from factory 1 to customers)
0,93,192,121,69,86,59,139,74,46,103,178,216,102,102,132,98,125,192,187,53
93,0,125,46,35,19,109,140,25,69,137,103,182,10,82,178,156,57,109,106,58
192,125,0,79,158,143,167,119,148,148,158,26,86,115,98,193,194,70,41,37,179
121,46,79,0,79,65,113,112,69,82,126,59,138,37,58,167,153,12,71,66,100
69,35,158,79,0,19,103,154,9,63,139,137,208,45,98,178,150,89,144,140,24
86,19,143,65,19,0,112,153,12,72,145,121,200,28,95,185,160,76,127,123,43
59,109,167,113,103,112,0,85,102,40,44,159,170,113,68,77,47,111,178,172,98
139,140,119,112,154,153,85,0,148,100,50,126,90,137,58,75,86,103,149,142,161
74,25,148,69,9,12,102,148,0,62,136,128,200,36,92,176,150,79,135,131,33
46,69,148,82,63,72,40,100,62,0,76,136,172,74,57,115,88,84,152,146,63
103,137,158,126,139,145,44,50,136,76,0,158,140,138,69,42,36,120,180,173,139
178,103,26,59,137,121,159,126,128,136,158,0,108,93,93,196,192,53,23,17,159
216,182,86,138,208,200,170,90,200,172,140,108,0,175,116,158,175,126,127,123,223
102,10,115,37,45,28,113,137,36,74,138,93,175,0,79,180,159,49,99,95,68
102,82,98,58,98,95,68,58,92,57,69,93,116,79,0,110,100,51,113,107,110
132,178,193,167,178,185,77,75,176,115,42,196,158,180,110,0,37,161,218,212,175
98,156,194,153,150,160,47,86,150,88,36,192,175,159,100,37,0,150,213,206,144
125,57,70,12,89,76,111,103,79,84,120,53,126,49,51,161,150,0,68,62,109
192,109,41,71,144,127,178,149,135,152,180,23,127,99,113,218,213,68,0,6,167
187,106,37,66,140,123,172,142,131,146,173,17,123,95,107,212,206,62,6,0,163
53,58,179,100,24,43,98,161,33,63,139,159,223,68,110,175,144,109,167,163,0
The distance between each location:
(where rows and columns denote locations from factory 2 to customers)
0,104,166,110,97,107,6,88,96,35,50,158,172,108,67,83,53,109,176,170,92
104,0,125,46,35,19,109,140,25,69,137,103,182,10,82,178,156,57,109,106,58
166,125,0,79,158,143,167,119,148,148,158,26,86,115,98,193,194,70,41,37,179
110,46,79,0,79,65,113,112,69,82,126,59,138,37,58,167,153,12,71,66,100
97,35,158,79,0,19,103,154,9,63,139,137,208,45,98,178,150,89,144,140,24
107,19,143,65,19,0,112,153,12,72,145,121,200,28,95,185,160,76,127,123,43
6,109,167,113,103,112,0,85,102,40,44,159,170,113,68,77,47,111,178,172,98
88,140,119,112,154,153,85,0,148,100,50,126,90,137,58,75,86,103,149,142,161
96,25,148,69,9,12,102,148,0,62,136,128,200,36,92,176,150,79,135,131,33
35,69,148,82,63,72,40,100,62,0,76,136,172,74,57,115,88,84,152,146,63
50,137,158,126,139,145,44,50,136,76,0,158,140,138,69,42,36,120,180,173,139
158,103,26,59,137,121,159,126,128,136,158,0,108,93,93,196,192,53,23,17,159
172,182,86,138,208,200,170,90,200,172,140,108,0,175,116,158,175,126,127,123,223
108,10,115,37,45,28,113,137,36,74,138,93,175,0,79,180,159,49,99,95,68
67,82,98,58,98,95,68,58,92,57,69,93,116,79,0,110,100,51,113,107,110
83,178,193,167,178,185,77,75,176,115,42,196,158,180,110,0,37,161,218,212,175
53,156,194,153,150,160,47,86,150,88,36,192,175,159,100,37,0,150,213,206,144
109,57,70,12,89,76,111,103,79,84,120,53,126,49,51,161,150,0,68,62,109
176,109,41,71,144,127,178,149,135,152,180,23,127,99,113,218,213,68,0,6,167
170,106,37,66,140,123,172,142,131,146,173,17,123,95,107,212,206,62,6,0,163
92,58,179,100,24,43,98,161,33,63,139,159,223,68,110,175,144,109,167,163,0

The weight of orders:
14,16,16,19,16,20,18,15,15,17,17,16,14,10,19,14,16,13,11,12

The unit tardiness penalty of orders:

8,6,9,7,6,6,10,10,8,7,6,7,7,7,6,10,10,6,6,9

The due date of orders:
517,710,459,500,400,525,308,161,514,538,408,848,312,386,442,582,374,540,301,494

the loading and unloading time of each order:
4,4,4,5,4,5,5,4,4,4,4,4,4,3,5,4,4,3,3,3

The sequence dependent setup time of each job processed on machine 1.
(Where rows denote jobs: 1 to 20 and columns denote jobs: 0 to 20.For example:The value of Sijk is in row j,column i+1.)
17,15,11,20,18,13,11,17,19,18,20,20,11,17,18,12,13,17,12,12
12,10,19,20,20,13,13,19,13,18,15,15,20,11,13,20,11,10,12,14
16,11,10,12,12,20,14,14,15,13,19,11,12,18,19,10,20,17,17,17
10,18,19,11,17,12,20,16,18,20,20,13,18,19,16,18,18,14,19,12
16,17,19,15,19,14,19,18,20,19,12,12,17,13,17,16,12,11,10,11
17,11,16,15,11,13,10,19,19,15,13,13,13,18,20,17,14,18,11,12
20,17,10,17,13,13,15,14,17,19,19,11,14,15,18,12,10,19,16,14
18,20,16,14,14,10,12,14,10,16,14,12,11,15,18,15,12,16,16,16
14,18,11,14,20,17,20,13,10,12,18,14,16,15,20,14,16,17,20,18
19,15,18,15,10,18,18,15,15,18,13,15,12,18,12,10,14,11,15,14
16,16,14,15,20,12,19,13,12,19,17,14,12,18,11,16,12,12,16,12
16,12,16,17,14,17,10,15,16,18,17,20,19,18,15,15,15,11,19,16
12,13,17,10,16,18,20,12,14,12,14,11,12,19,14,11,17,11,20,20
12,19,10,17,10,16,13,20,18,11,12,20,20,19,17,19,20,19,11,10
20,10,10,18,14,12,20,17,13,18,15,18,17,10,11,13,12,19,18,18
11,10,12,13,16,17,19,13,12,15,18,14,14,20,20,19,18,13,19,11
15,18,19,16,11,16,15,18,14,18,14,16,11,12,14,15,15,17,16,13
17,15,15,11,17,10,18,11,11,11,10,20,19,17,13,10,13,15,14,18
11,14,11,16,18,10,14,13,17,17,10,15,11,17,16,18,10,19,11,15
15,10,20,20,10,15,14,18,20,15,15,20,14,17,19,18,15,12,14,19
18,14,15,16,10,17,13,16,19,10,11,10,15,11,19,20,13,13,19,12

The sequence dependent setup time of each job processed on machine 2.
(Where rows denote jobs: 1 to 20 and columns denote jobs: 0 to 20.For example:The value of Sijk is in row j,column i+1.)
15,16,14,16,16,18,11,19,18,11,14,12,13,18,19,10,11,11,10,10
16,10,15,14,19,19,13,15,10,20,17,18,16,16,10,15,16,14,20,18
20,15,18,20,17,18,16,11,18,16,18,15,16,14,18,17,18,16,14,12
15,12,14,17,17,18,13,19,17,11,10,15,15,18,20,16,13,11,16,17
11,11,13,14,20,17,17,13,11,19,14,11,16,13,19,15,14,14,10,19
11,12,19,15,13,18,14,17,12,16,13,15,10,15,17,15,18,16,13,10
16,17,14,14,18,20,12,15,10,18,19,11,11,19,16,20,14,17,14,14
15,18,18,13,18,10,20,12,12,13,17,20,12,16,13,18,10,18,13,19
15,14,18,15,12,12,16,15,11,13,14,12,18,14,15,14,17,11,10,10
13,12,12,14,16,14,16,12,18,20,14,19,13,11,14,19,20,12,10,11
11,11,20,19,18,17,10,19,19,20,12,15,12,13,20,15,19,11,10,18
19,15,13,13,15,12,14,19,11,10,12,15,12,19,12,16,12,14,19,11
11,12,12,14,17,19,20,16,16,18,14,13,15,14,17,15,18,17,19,10
13,12,12,16,12,13,17,11,20,13,18,15,19,20,14,13,15,16,10,19
16,14,17,12,15,18,15,16,15,12,12,18,17,20,17,15,18,14,14,20
17,18,14,18,15,16,12,17,17,19,16,19,18,18,12,20,14,13,12,10
12,14,11,15,12,18,17,18,20,12,12,16,11,16,17,12,19,18,17,14
20,12,19,16,20,14,20,19,10,16,12,15,18,17,20,17,19,20,12,20
19,11,16,19,11,11,19,19,15,17,11,17,19,11,15,17,14,17,14,12
19,14,17,17,16,20,13,19,11,12,19,12,20,19,13,17,19,15,12,13
13,11,12,15,12,18,12,13,20,13,19,10,13,13,18,20,15,12,13,12

The sequence dependent setup time of each job processed on machine 3.
(Where rows denote jobs: 1 to 20 and columns denote jobs: 0 to 20.For example:The value of Sijk is in row j,column i+1.)
10,17,14,19,10,10,13,20,20,11,20,11,10,16,19,12,13,16,13,13
10,12,19,13,15,15,10,10,18,19,20,20,20,10,14,12,16,10,19,10
17,15,10,15,16,14,17,12,13,11,17,13,19,10,12,16,11,18,15,17
16,18,13,10,10,16,10,17,15,14,19,12,15,11,18,18,18,13,12,15
19,11,15,14,18,19,13,11,14,12,18,11,17,12,17,15,15,17,13,10
19,16,13,16,20,15,10,19,12,13,16,12,15,19,12,17,18,17,12,17
14,18,20,19,11,19,10,18,10,18,19,17,15,20,13,10,17,17,12,14
17,16,15,11,12,15,17,15,16,12,19,12,11,18,12,16,14,15,16,17
19,10,12,13,16,16,17,12,11,17,13,18,12,17,11,19,11,17,17,10
15,19,18,14,19,18,20,20,15,11,15,15,17,20,19,10,10,14,18,15
12,12,20,19,17,18,15,14,12,16,10,14,19,16,11,14,18,19,14,15
17,20,17,15,11,12,14,13,10,17,15,19,19,15,11,16,13,14,14,13
10,16,14,14,16,12,16,18,11,14,11,19,20,14,15,16,16,19,17,16
13,13,15,14,10,16,14,11,13,20,16,15,15,16,12,14,20,19,19,19
10,13,17,19,19,13,17,14,13,11,15,18,18,19,20,20,16,20,13,13
14,14,10,18,19,18,10,18,17,11,16,16,17,15,10,20,13,16,11,12
11,17,14,10,15,12,14,16,11,12,19,12,19,16,11,14,10,15,18,11
13,11,19,19,14,11,15,10,15,10,16,17,18,15,13,20,10,19,13,14
14,20,14,19,15,11,15,10,12,11,16,16,10,19,12,15,14,17,14,17
19,10,20,16,15,20,19,15,12,20,19,19,15,16,13,13,11,14,19,10
19,20,20,16,10,16,10,13,12,20,18,19,16,14,15,15,17,15,14,11

The sequence dependent setup time of each job processed on machine 4.
(Where rows denote jobs: 1 to 20 and columns denote jobs: 0 to 20.For example:The value of Sijk is in row j,column i+1.)
18,12,17,18,11,17,17,15,20,19,18,14,14,19,14,10,20,16,10,10
18,10,16,20,12,14,19,17,10,11,12,18,20,20,10,19,15,11,12,10
14,16,20,18,17,13,12,16,11,10,18,10,19,10,19,16,10,15,20,17
14,11,14,19,16,16,15,19,16,15,16,18,12,15,12,12,16,14,12,15
16,20,18,17,18,15,17,14,19,18,19,18,17,13,20,14,15,13,14,16
20,14,16,16,11,12,17,15,12,18,14,20,12,10,19,18,20,13,13,15
10,12,11,11,12,12,14,15,14,18,12,10,11,11,17,12,11,11,17,11
16,13,10,20,11,11,12,17,17,11,11,10,17,13,20,10,17,11,13,13
16,19,19,10,14,18,20,10,19,16,14,20,18,17,13,20,18,17,11,14
17,12,16,20,18,20,18,11,11,12,14,19,16,16,20,18,16,13,16,18
14,19,20,18,14,18,11,10,18,16,10,13,15,10,16,10,16,15,15,13
18,10,19,13,13,20,13,18,20,16,10,12,14,16,19,17,20,20,20,12
15,18,17,10,10,12,17,10,16,12,11,12,11,17,17,12,13,12,19,13
19,18,15,16,13,14,14,19,15,17,20,12,15,12,13,16,10,20,17,18
19,19,10,10,10,12,18,14,15,17,10,20,20,12,17,14,16,17,14,13
16,13,19,16,16,18,15,16,16,18,15,15,12,15,20,17,15,19,16,18
11,12,17,15,12,20,19,18,19,20,12,14,11,10,11,20,13,14,11,14
14,10,11,14,12,16,11,12,17,19,14,11,11,13,10,12,20,10,12,18
15,15,11,20,18,13,13,17,15,14,15,12,17,16,15,14,14,20,17,16
13,15,18,13,14,19,14,12,10,18,10,13,17,15,18,20,14,14,15,13
18,19,18,13,13,14,18,12,17,20,11,14,14,17,20,15,11,16,14,17

The sequence dependent setup time of each job processed on machine 5.
(Where rows denote jobs: 1 to 20 and columns denote jobs: 0 to 20.For example:The value of Sijk is in row j,column i+1.)
19,12,15,20,19,18,17,10,11,13,10,14,20,16,12,17,18,13,19,15
15,16,19,17,16,13,18,19,20,10,15,15,19,11,15,15,16,13,16,10
14,10,19,12,19,17,15,18,12,11,20,20,14,20,10,14,19,13,12,19
10,16,13,14,10,12,15,19,14,17,13,13,13,19,20,11,17,11,17,18
11,17,17,14,19,17,20,18,10,15,13,11,14,10,17,11,18,15,12,10
17,14,13,18,11,13,18,20,13,13,15,17,14,13,18,15,13,14,17,10
20,19,18,10,15,12,17,16,10,13,11,16,12,10,10,14,16,20,14,16
16,10,18,17,12,14,13,17,20,19,15,14,15,12,18,12,19,10,18,17
19,13,16,14,12,11,14,13,17,17,10,12,15,11,15,17,15,19,15,14
18,16,15,10,20,16,15,18,16,14,10,17,12,19,19,10,16,15,11,10
17,20,16,17,12,14,11,17,17,15,13,12,11,19,10,17,11,11,14,20
12,14,18,13,18,17,18,12,11,18,14,13,16,12,13,18,19,17,18,18
15,12,13,17,17,11,15,18,10,11,14,11,10,11,19,18,15,16,19,12
11,11,13,10,18,10,14,20,20,10,16,12,12,16,18,13,13,13,15,16
17,16,14,10,17,17,20,12,11,19,18,18,19,16,13,17,16,20,15,14
15,17,17,17,11,10,12,18,10,16,17,18,15,15,19,19,15,20,14,14
11,20,20,18,15,18,15,19,16,12,15,14,12,20,20,19,15,11,13,13
14,10,18,19,10,14,14,20,17,16,17,15,14,17,19,14,16,15,14,13
20,20,17,16,17,17,12,19,15,14,19,15,20,14,18,13,14,10,17,19
15,19,11,18,10,18,14,20,18,11,14,18,19,12,19,17,18,13,17,15
18,13,19,11,11,19,13,20,14,13,19,19,12,15,19,20,16,20,18,15

