The number of jobs:
20
The number of machines:
4
The number of vehicles:
2
The number of workers:
3

The processing time of each order processed on different machines:
(where rows denote machines: 1 to 4 and columns denote orders: 1 to 
20)
34,32,27,26,22,28,40,27,32,30,27,23,40,33,26,26,24,30,38,20
22,24,22,38,21,34,20,24,24,39,37,21,31,28,37,25,25,35,27,29
24,23,24,30,22,20,21,29,22,39,32,30,22,40,20,29,31,39,37,25
34,36,25,35,28,21,38,28,24,40,31,38,35,40,33,24,34,28,32,34

The coefficient of each worker on each machine:
(where rows denote workers: 1 to 3 and columns denote machines: 1 to 
4)
1.5,1,1.25,1.25
0.5,1.25,1,1
0.5,1,1.25,0.5

The unit processing cost of machines:

10,7,9,10

The unit idle cost of machines:

4,1,2,3

The distance between each location:
(where rows and columns denote locations: 0 to 20)
0,110,103,64,85,112,54,88,96,71,97,84,65,18,9,85,61,93,39,75,99
110,0,9,51,64,2,155,168,94,39,19,184,50,94,101,185,88,29,85,36,20
103,9,0,47,64,10,150,164,86,32,10,179,46,87,94,176,80,30,80,29,12
64,51,47,0,33,54,104,117,95,24,45,133,1,52,56,146,71,30,34,27,50
85,64,64,33,0,66,111,111,127,54,67,136,32,78,79,170,103,35,46,56,72
112,2,10,54,66,0,158,170,95,41,20,186,52,96,103,187,90,31,87,38,21
54,155,150,104,111,158,0,44,150,119,145,30,106,72,63,92,114,133,71,123,149
88,168,164,117,111,170,44,0,183,137,162,41,118,103,94,136,148,141,85,141,166
96,94,86,95,127,95,150,183,0,74,76,179,95,80,89,126,35,105,108,73,74
71,39,32,24,54,41,119,137,74,0,26,149,24,55,62,146,56,33,52,4,29
97,19,10,45,67,20,145,162,76,26,0,175,45,80,87,168,70,35,77,22,4
84,184,179,133,136,186,30,41,179,149,175,0,134,102,93,104,144,160,99,153,178
65,50,46,1,32,52,106,118,95,24,45,134,0,53,57,148,71,28,35,27,49
18,94,87,52,78,96,72,103,80,55,80,102,53,0,9,94,45,80,37,58,82
9,101,94,56,79,103,63,94,89,62,87,93,57,9,0,91,54,85,35,65,90
85,185,176,146,170,187,92,136,126,146,168,104,148,94,91,0,103,175,125,149,169
61,88,80,71,103,90,114,148,35,56,70,144,71,45,54,103,0,89,75,57,70
93,29,30,30,35,31,133,141,105,33,35,160,28,80,85,175,89,0,62,33,39
39,85,80,34,46,87,71,85,108,52,77,99,35,37,35,125,75,62,0,56,81
75,36,29,27,56,38,123,141,73,4,22,153,27,58,65,149,57,33,56,0,25
99,20,12,50,72,21,149,166,74,29,4,178,49,82,90,169,70,39,81,25,0

The weight of orders:
18,16,19,18,14,10,17,13,11,18,14,17,15,15,19,19,13,17,18,17

The unit tardiness penalty of orders:

9,6,10,7,9,9,6,9,7,9,9,9,7,7,6,10,7,9,9,10

The due date of orders:
361,564,355,235,227,217,174,220,215,344,171,482,374,203,276,437,373,387,242,281

the loading and unloading time of each order:
5,4,5,5,4,3,4,3,3,5,4,4,4,4,5,5,3,4,5,4

The sequence dependent setup time of each job processed on machine 1.
(Where rows denote jobs: 1 to 20 and columns denote jobs: 0 to 20.For example:The value of Sijk is in row j,column i+1.)
10,19,17,13,20,20,18,11,10,15,15,10,20,10,15,12,20,18,17,11
16,12,18,20,12,14,15,14,19,18,19,12,12,18,17,11,16,20,13,17
15,20,17,16,17,10,12,11,20,19,18,17,20,13,20,14,20,18,17,17
12,17,14,11,11,14,12,14,11,16,14,13,18,11,10,18,11,17,13,15
12,19,19,17,15,10,20,10,18,10,10,19,15,12,15,20,15,12,10,10
17,15,17,18,11,16,14,15,12,20,15,10,11,10,16,18,17,17,19,14
16,13,13,12,14,13,11,14,14,15,12,19,15,11,13,19,14,16,17,12
16,19,20,16,20,13,17,12,18,12,15,18,15,13,11,19,20,15,16,18
19,19,18,14,14,12,12,12,20,18,12,13,12,20,15,14,12,13,19,14
17,18,19,15,20,20,20,11,20,10,13,16,17,15,17,13,10,19,15,19
13,14,11,11,16,12,20,13,14,15,14,14,12,15,12,16,19,15,13,20
19,12,18,18,14,20,10,17,14,17,15,18,13,19,14,14,17,18,14,10
10,16,11,10,18,16,11,14,18,20,10,18,12,12,16,11,17,13,12,15
17,18,20,10,16,17,10,11,18,19,18,11,18,14,12,17,10,18,11,12
17,15,14,20,10,12,13,15,16,12,17,16,10,17,14,17,15,12,17,16
15,10,17,13,14,10,16,12,13,14,12,10,16,18,11,11,13,17,14,15
20,10,13,10,16,13,10,18,16,17,18,11,18,14,15,10,12,18,17,12
10,13,18,20,16,14,15,15,11,10,10,13,14,20,20,18,16,15,19,14
10,16,16,12,14,16,14,15,13,11,19,12,19,20,17,12,13,18,15,12
13,20,10,15,19,16,20,12,17,19,12,11,12,20,10,12,18,18,17,10
20,10,17,10,15,10,19,16,16,19,15,13,11,16,10,11,13,13,18,12

The sequence dependent setup time of each job processed on machine 2.
(Where rows denote jobs: 1 to 20 and columns denote jobs: 0 to 20.For example:The value of Sijk is in row j,column i+1.)
18,18,11,19,14,16,20,10,16,17,15,18,16,19,17,20,10,16,11,13
18,16,18,18,20,19,14,17,19,19,16,10,13,17,18,10,20,13,17,18
20,15,13,12,14,11,19,14,12,13,11,18,10,17,17,14,14,15,17,20
17,19,15,11,12,20,20,13,18,17,20,13,18,18,14,14,16,13,11,14
16,11,20,16,15,18,18,13,20,13,14,12,11,12,16,18,17,14,19,17
17,14,14,20,18,13,10,16,13,19,19,19,14,15,13,15,16,11,19,17
15,10,11,10,18,11,17,14,10,19,10,18,18,15,12,18,10,19,16,20
12,19,16,20,18,12,16,18,10,20,10,19,16,19,20,17,14,18,18,13
17,14,12,19,15,20,13,14,16,14,15,11,13,10,12,13,19,11,12,12
20,10,13,15,10,16,17,14,10,14,13,18,18,15,18,11,12,14,13,16
17,12,13,11,18,11,15,10,11,20,15,13,16,18,20,20,20,17,10,13
17,12,20,10,11,14,10,17,16,12,15,14,10,20,19,15,17,18,16,11
13,13,11,20,19,13,10,12,17,13,19,19,17,17,19,11,11,14,16,19
20,13,13,10,10,17,10,13,16,17,16,20,20,12,15,12,14,17,10,13
17,19,13,10,14,11,11,12,16,10,14,17,14,17,17,11,20,10,17,19
14,10,11,19,17,15,14,12,19,14,19,12,12,12,16,12,10,16,15,14
10,18,12,12,13,14,17,19,12,14,17,15,13,14,14,10,11,14,18,12
17,19,10,14,19,19,17,17,20,17,19,19,17,15,15,15,17,19,18,15
14,11,16,16,17,19,15,13,20,13,12,14,17,13,10,17,15,10,14,12
11,15,12,13,11,20,19,17,18,13,20,19,20,12,19,13,19,18,11,19
19,20,20,15,17,13,10,10,12,19,15,12,11,17,10,15,11,15,20,15

The sequence dependent setup time of each job processed on machine 3.
(Where rows denote jobs: 1 to 20 and columns denote jobs: 0 to 20.For example:The value of Sijk is in row j,column i+1.)
15,17,10,20,10,13,12,19,18,11,16,19,18,18,18,15,19,10,17,15
13,10,14,13,10,16,13,18,19,13,11,16,16,12,13,18,12,16,12,11
19,11,12,13,17,13,15,14,12,19,10,16,17,16,18,17,12,17,13,15
10,10,14,20,15,15,18,10,10,12,15,10,20,13,16,17,11,15,15,13
17,14,10,10,11,18,12,13,15,18,16,11,16,11,20,14,15,20,10,12
13,15,19,16,20,13,12,20,18,10,16,16,18,12,17,15,13,18,20,18
11,12,12,13,10,14,19,20,18,13,16,13,16,18,11,15,10,10,18,10
10,14,12,15,11,11,13,12,13,15,12,20,10,18,20,11,18,13,13,17
19,11,19,13,15,17,19,12,13,12,18,20,20,11,13,10,16,17,19,14
15,10,10,20,10,14,10,14,10,11,20,10,10,14,11,13,15,13,13,18
11,14,11,18,14,17,17,18,13,19,15,15,14,20,13,14,20,20,15,15
14,20,10,19,14,11,10,15,20,11,12,18,10,20,13,10,13,20,17,16
10,13,20,10,15,10,10,14,12,14,17,14,13,12,14,15,15,18,18,17
14,15,17,20,17,20,13,14,15,18,12,16,16,13,12,16,14,11,10,10
11,10,18,15,13,17,14,20,20,15,15,16,20,19,16,10,20,20,10,11
16,20,11,13,19,20,18,10,11,15,15,14,12,16,18,13,15,12,18,15
19,18,17,10,19,20,14,17,11,12,15,20,12,10,10,13,14,10,19,11
13,18,20,18,19,20,20,14,10,14,19,13,16,10,14,15,14,16,20,14
14,14,11,18,14,15,18,19,14,19,18,20,19,15,11,14,10,13,19,14
20,19,14,16,18,11,12,11,16,11,20,20,20,17,20,19,14,20,14,14
11,19,20,11,16,20,17,10,19,11,13,14,19,13,12,17,19,20,13,19

The sequence dependent setup time of each job processed on machine 4.
(Where rows denote jobs: 1 to 20 and columns denote jobs: 0 to 20.For example:The value of Sijk is in row j,column i+1.)
13,11,18,20,17,14,20,14,13,12,12,18,18,10,20,17,14,18,14,13
12,16,11,16,19,11,18,20,14,19,11,13,16,11,10,17,18,16,20,20
20,19,11,12,18,13,14,20,19,16,18,16,17,20,19,11,18,15,15,10
12,18,10,15,20,12,20,20,12,13,11,13,20,11,12,12,18,10,11,17
19,20,10,18,14,14,14,19,13,20,14,17,15,15,12,17,20,15,13,18
16,14,10,17,16,19,16,14,14,19,19,18,12,11,17,11,12,20,15,14
16,19,16,12,11,16,19,10,14,12,19,13,13,12,20,20,13,17,17,12
18,11,17,16,14,16,13,20,12,10,15,20,11,20,19,13,19,10,13,15
20,12,18,20,14,17,13,14,12,13,10,15,10,16,13,18,19,17,11,12
17,20,17,16,17,19,18,13,17,19,16,18,17,17,11,20,15,13,12,12
20,13,19,18,17,10,15,16,19,19,15,18,19,20,15,10,17,17,20,16
20,13,16,17,12,10,17,15,12,17,13,10,19,11,15,10,12,20,18,10
12,13,17,15,15,13,13,13,11,12,17,18,20,13,11,13,16,17,12,17
12,17,18,12,20,20,10,20,19,14,12,11,14,19,10,13,17,17,15,13
13,17,15,18,15,16,18,10,10,14,14,11,10,18,17,15,11,13,12,20
16,17,17,13,14,12,19,19,20,16,17,10,18,20,11,10,13,13,12,11
20,12,20,14,11,16,19,11,11,13,12,13,12,10,14,20,12,16,10,11
19,20,16,19,13,10,13,17,20,20,19,17,20,12,18,14,17,14,20,18
18,11,11,20,10,11,17,14,18,20,16,10,13,14,11,19,11,12,18,18
19,16,11,16,17,12,20,18,16,17,16,10,20,17,11,15,18,16,11,17
12,13,19,16,10,14,16,15,17,12,12,17,15,16,20,15,18,10,15,20

