The number of factories:
2
The number of jobs:
20
The number of machines:
4
The number of vehicles:
2
The number of workers:
2

The factory where machine i is located:
1,1,2,2

The vehicle which belong to factory 1:
1
The vehicle which belong to factory 2:
2

The processing time of each order processed on different machines:
(where rows denote orders: 1 to 20 and columns denote machines: 1 to 
4)
34,31,29,21,39,30,30,35,21,23,23,21,20,35,24,40,21,28,29,40
33,33,32,36,24,40,31,29,32,36,33,38,38,23,22,34,24,31,22,25
33,20,28,32,35,26,21,28,35,23,23,21,23,23,27,28,30,20,25,27
34,29,40,32,23,29,29,21,20,23,40,25,34,33,26,22,23,23,27,40

The coefficient of each worker on each machine:
(where rows denote workers: 1 to 2 and columns denote machines: 1 to 
4)
0.5,1,0.75,1.25
1.5,1.25,1.5,0.75

The unit processing cost of machines:

8,6,7,6

The unit idle cost of machines:

4,1,4,3

The distance between each location:
(where rows and columns denote locations from factory 1 to customers)
0,143,164,59,114,143,157,40,102,121,175,68,135,173,73,136,52,75,9,134,75
143,0,174,113,88,118,109,148,66,56,123,103,102,96,187,161,177,108,151,111,73
164,174,0,198,225,57,73,128,199,206,73,107,248,102,126,28,140,209,163,63,134
59,113,198,0,57,162,168,92,53,73,187,90,76,175,131,172,111,16,67,151,71
114,88,225,57,0,178,178,142,27,32,196,123,23,175,183,204,165,42,123,169,91
143,118,57,162,178,0,21,116,151,155,34,76,200,51,133,53,138,170,146,10,91
157,109,73,168,178,21,0,133,151,152,19,89,198,30,153,74,157,175,160,26,97
40,148,128,92,142,116,133,0,124,141,150,51,164,155,41,100,29,108,36,108,76
102,66,199,53,27,151,151,124,0,20,169,98,49,149,165,178,149,44,111,142,65
121,56,206,73,32,155,152,141,20,0,169,111,47,147,183,187,167,62,130,147,76
175,123,73,187,196,34,19,150,169,169,0,107,216,32,167,80,172,193,178,42,116
68,103,107,90,123,76,89,51,98,111,107,0,146,106,85,83,79,102,72,66,34
135,102,248,76,23,200,198,164,49,47,216,146,0,194,205,226,186,60,144,190,114
173,96,102,175,175,51,30,155,149,147,32,106,194,0,179,104,180,179,178,54,105
73,187,126,131,183,133,153,41,165,183,167,85,205,179,0,100,22,147,66,127,115
136,161,28,172,204,53,74,100,178,187,80,83,226,104,100,0,112,184,135,54,113
52,177,140,111,165,138,157,29,149,167,172,79,186,180,22,112,0,127,45,131,104
75,108,209,16,42,170,175,108,44,62,193,102,60,179,147,184,127,0,84,160,78
9,151,163,67,123,146,160,36,111,130,178,72,144,178,66,135,45,84,0,136,82
134,111,63,151,169,10,26,108,142,147,42,66,190,54,127,54,131,160,136,0,81
75,73,134,71,91,91,97,76,65,76,116,34,114,105,115,113,104,78,82,81,0
The distance between each location:
(where rows and columns denote locations from factory 2 to customers)
0,146,28,175,199,30,49,114,172,179,54,85,221,79,121,26,130,185,147,35,109
146,0,174,113,88,118,109,148,66,56,123,103,102,96,187,161,177,108,151,111,73
28,174,0,198,225,57,73,128,199,206,73,107,248,102,126,28,140,209,163,63,134
175,113,198,0,57,162,168,92,53,73,187,90,76,175,131,172,111,16,67,151,71
199,88,225,57,0,178,178,142,27,32,196,123,23,175,183,204,165,42,123,169,91
30,118,57,162,178,0,21,116,151,155,34,76,200,51,133,53,138,170,146,10,91
49,109,73,168,178,21,0,133,151,152,19,89,198,30,153,74,157,175,160,26,97
114,148,128,92,142,116,133,0,124,141,150,51,164,155,41,100,29,108,36,108,76
172,66,199,53,27,151,151,124,0,20,169,98,49,149,165,178,149,44,111,142,65
179,56,206,73,32,155,152,141,20,0,169,111,47,147,183,187,167,62,130,147,76
54,123,73,187,196,34,19,150,169,169,0,107,216,32,167,80,172,193,178,42,116
85,103,107,90,123,76,89,51,98,111,107,0,146,106,85,83,79,102,72,66,34
221,102,248,76,23,200,198,164,49,47,216,146,0,194,205,226,186,60,144,190,114
79,96,102,175,175,51,30,155,149,147,32,106,194,0,179,104,180,179,178,54,105
121,187,126,131,183,133,153,41,165,183,167,85,205,179,0,100,22,147,66,127,115
26,161,28,172,204,53,74,100,178,187,80,83,226,104,100,0,112,184,135,54,113
130,177,140,111,165,138,157,29,149,167,172,79,186,180,22,112,0,127,45,131,104
185,108,209,16,42,170,175,108,44,62,193,102,60,179,147,184,127,0,84,160,78
147,151,163,67,123,146,160,36,111,130,178,72,144,178,66,135,45,84,0,136,82
35,111,63,151,169,10,26,108,142,147,42,66,190,54,127,54,131,160,136,0,81
109,73,134,71,91,91,97,76,65,76,116,34,114,105,115,113,104,78,82,81,0

The weight of orders:
19,18,10,15,16,11,20,14,13,12,17,20,11,20,15,15,16,19,19,15

The unit tardiness penalty of orders:

7,8,7,8,10,10,10,6,7,8,7,6,7,8,7,10,10,8,6,8

The due date of orders:
632,632,281,386,457,687,201,342,574,624,509,446,481,533,732,259,200,337,783,435

the loading and unloading time of each order:
5,5,3,4,4,3,5,4,3,3,4,5,3,5,4,4,4,5,5,4

The sequence dependent setup time of each job processed on machine 1.
(Where rows denote jobs: 1 to 20 and columns denote jobs: 0 to 20.For example:The value of Sijk is in row j,column i+1.)
20,12,20,17,16,20,13,14,13,15,18,15,10,15,17,19,10,16,17,19
13,19,15,17,11,20,11,18,18,17,16,12,18,19,14,18,20,19,18,12
17,15,11,11,20,16,11,14,12,14,11,18,14,15,14,14,17,11,20,20
13,13,12,20,20,13,17,11,19,11,20,20,12,19,19,16,12,19,18,17
19,19,19,11,12,10,11,17,12,10,11,19,16,15,14,14,15,16,16,20
12,12,15,13,14,14,18,17,15,14,17,20,16,18,20,15,20,11,10,19
17,14,14,11,14,15,12,18,12,15,16,17,19,15,15,19,15,10,15,11
19,17,19,10,16,11,15,11,15,12,12,14,15,11,16,13,14,15,13,14
10,15,10,12,10,16,14,20,20,18,13,10,18,17,12,12,19,12,10,10
20,13,14,20,10,18,10,11,13,12,18,16,12,19,15,15,18,16,15,11
13,14,14,17,19,18,15,18,16,11,19,12,16,20,11,18,10,17,12,18
16,19,10,11,10,13,13,10,17,18,19,17,10,12,10,16,16,12,12,12
12,17,20,12,15,18,20,20,19,14,13,20,18,18,10,14,20,19,14,12
20,11,14,13,16,11,19,14,17,19,18,12,15,17,14,13,17,14,18,16
20,16,17,17,20,20,18,19,16,10,18,12,10,16,13,18,13,17,16,15
15,15,14,14,11,16,17,14,12,18,11,15,16,14,18,12,18,11,19,14
13,11,19,17,15,15,14,19,15,16,11,18,12,16,10,15,15,18,11,11
16,18,11,16,18,17,19,18,12,16,20,12,18,12,11,10,16,11,18,12
14,18,12,14,19,17,15,11,11,13,18,12,16,19,11,11,20,17,16,16
12,20,15,19,13,14,10,13,19,16,18,15,15,11,20,14,13,10,12,19
18,12,14,18,19,15,20,18,16,11,11,11,20,13,19,11,15,14,19,13

The sequence dependent setup time of each job processed on machine 2.
(Where rows denote jobs: 1 to 20 and columns denote jobs: 0 to 20.For example:The value of Sijk is in row j,column i+1.)
20,20,17,14,20,15,18,12,12,18,19,16,15,19,12,18,15,19,13,19
20,17,12,19,19,17,19,18,12,14,17,17,15,18,12,10,13,14,20,14
12,17,16,15,10,10,17,16,20,13,16,19,11,11,19,20,13,14,20,18
19,16,14,13,20,20,16,12,18,12,16,14,15,11,14,20,15,20,11,12
13,15,20,14,12,20,20,19,20,16,15,16,10,20,12,10,11,17,13,20
16,16,11,19,15,12,14,19,20,20,17,15,10,10,10,15,19,15,11,13
10,12,14,14,20,10,10,10,18,14,15,19,16,13,19,13,16,11,19,19
16,13,19,15,13,13,11,20,13,15,20,17,13,19,12,11,15,18,17,18
12,11,10,13,13,20,11,14,18,10,17,20,19,17,17,10,11,11,19,15
12,17,16,17,14,13,13,11,20,12,10,11,19,15,17,19,18,17,20,14
17,17,12,12,10,14,14,13,16,10,13,18,11,16,18,13,17,14,11,20
13,19,15,13,10,10,12,15,10,16,13,20,17,11,19,15,19,15,10,19
11,14,11,14,14,18,18,11,11,11,11,19,10,15,12,13,17,11,19,20
18,12,13,15,14,13,10,12,18,18,13,17,14,15,10,11,10,16,11,16
16,13,17,12,19,20,15,12,15,17,12,19,15,18,12,13,19,19,16,15
19,12,20,18,18,12,15,18,16,19,13,15,13,11,10,13,19,19,14,14
13,12,20,13,14,18,17,15,12,18,12,15,17,17,12,14,11,14,13,16
10,12,18,11,16,14,20,19,16,13,12,12,16,12,18,20,18,20,17,17
16,12,19,10,16,15,12,15,19,13,14,18,17,11,17,11,15,20,19,19
20,17,18,14,19,13,20,16,17,19,10,12,13,16,13,15,15,13,14,20
20,14,12,16,20,12,17,12,10,17,18,14,13,15,20,13,16,19,14,20

The sequence dependent setup time of each job processed on machine 3.
(Where rows denote jobs: 1 to 20 and columns denote jobs: 0 to 20.For example:The value of Sijk is in row j,column i+1.)
15,14,14,12,15,15,16,11,20,13,14,12,18,10,12,17,17,19,11,15
17,20,18,11,20,11,18,11,19,12,13,18,12,20,17,20,15,15,11,11
11,14,12,18,13,10,20,18,17,17,14,20,14,15,12,16,14,11,16,13
19,10,19,15,17,16,19,18,20,12,12,13,11,12,20,14,16,18,14,12
12,18,14,17,10,17,15,15,17,13,14,11,14,10,19,12,16,19,11,18
12,17,19,10,20,10,12,19,10,12,16,13,14,11,16,20,15,14,14,19
19,14,15,18,12,20,12,18,17,13,14,19,12,16,12,13,10,14,17,13
18,19,17,11,16,15,19,11,12,16,17,16,16,10,13,17,16,15,14,10
15,20,11,11,10,11,16,12,20,17,15,14,14,11,12,16,13,11,15,13
19,19,11,15,15,12,12,17,14,13,11,10,11,16,18,17,12,20,11,14
18,12,16,12,11,12,13,14,11,16,10,16,10,16,12,12,20,19,17,15
15,13,20,12,14,19,12,17,20,19,10,12,20,18,11,14,14,15,18,10
18,12,16,15,19,11,18,19,15,18,17,14,12,17,20,13,12,19,15,13
17,13,11,12,13,17,20,18,10,13,13,20,11,11,16,14,15,20,15,19
13,19,13,10,14,15,15,18,11,16,18,17,11,10,18,17,11,15,16,19
20,20,10,13,13,12,10,17,10,20,19,15,14,11,10,17,11,17,10,10
16,19,13,19,19,10,19,17,19,20,16,19,18,17,19,10,16,17,17,16
16,17,20,18,10,20,10,10,20,19,20,12,17,15,14,19,19,10,10,10
14,16,16,15,19,11,16,10,13,14,18,12,19,15,11,16,12,17,18,19
13,13,11,10,20,19,10,19,17,14,15,11,19,11,18,19,11,12,15,12
13,19,17,10,15,12,18,19,12,18,18,16,17,18,20,11,16,17,11,16

The sequence dependent setup time of each job processed on machine 4.
(Where rows denote jobs: 1 to 20 and columns denote jobs: 0 to 20.For example:The value of Sijk is in row j,column i+1.)
17,12,19,16,16,14,16,11,20,19,13,16,13,18,14,17,13,18,15,20
14,15,14,17,18,14,15,10,15,18,18,17,19,19,18,14,11,19,14,13
18,14,12,13,13,19,10,13,17,10,14,19,14,14,20,10,11,14,10,15
19,10,18,19,15,16,20,15,19,19,14,19,15,18,12,18,11,11,14,19
13,12,17,19,14,15,13,10,18,10,17,15,10,20,17,19,16,11,20,13
19,17,10,13,20,16,18,18,19,15,11,17,14,15,10,14,15,16,10,18
11,11,15,12,18,11,10,10,10,11,19,11,15,17,14,17,19,20,18,10
18,18,12,13,13,15,16,20,12,14,20,11,12,18,13,13,18,15,13,15
16,15,15,16,13,10,17,19,15,10,11,17,12,12,12,18,10,14,16,18
14,16,18,17,12,17,10,10,15,16,19,14,13,12,15,16,14,19,17,19
19,12,16,18,13,19,10,17,17,18,20,14,15,10,11,11,13,20,10,20
15,19,17,11,20,12,18,10,10,11,15,13,16,19,19,11,11,10,11,18
16,13,10,19,20,15,15,18,12,19,14,19,15,18,19,19,13,18,16,10
20,16,13,14,19,11,11,12,14,20,20,10,10,17,18,10,17,16,15,17
12,13,13,15,10,15,14,20,18,17,16,16,13,10,19,17,19,19,10,19
16,19,13,19,19,15,14,14,10,11,19,10,15,19,16,20,19,11,15,15
18,20,17,10,14,12,13,20,20,16,15,12,18,13,11,14,14,16,16,17
20,19,11,13,12,19,14,20,20,20,19,11,20,16,18,15,18,16,16,14
15,20,12,20,19,20,19,19,18,12,10,13,11,11,12,13,15,20,11,12
18,12,15,11,16,13,20,18,20,14,19,14,13,12,15,19,17,16,14,18
18,14,15,12,16,18,18,18,18,17,20,13,13,20,11,14,12,13,12,20

