The number of jobs:
20
The number of machines:
3
The number of vehicles:
3
The number of workers:
2

The processing time of each order processed on different machines:
(where rows denote machines: 1 to 3 and columns denote orders: 1 to 
20)
21,40,38,35,23,35,36,31,40,32,27,30,20,37,25,35,22,28,37,38
32,39,38,38,30,24,20,39,28,21,30,32,33,38,28,35,36,22,34,26
39,35,36,35,29,38,39,20,31,20,23,32,31,22,21,33,38,32,28,22

The coefficient of each worker on each machine:
(where rows denote workers: 1 to 2 and columns denote machines: 1 to 
3)
1.5,1,1.25
1.5,0.5,1

The unit processing cost of machines:

7,10,8

The unit idle cost of machines:

3,2,5

The distance between each location:
(where rows and columns denote locations: 0 to 20)
0,52,59,90,75,59,62,101,129,62,82,74,87,101,81,24,98,56,50,67,88
52,0,101,123,23,102,109,116,119,81,113,106,127,49,123,51,128,99,26,109,121
59,101,0,34,120,87,83,151,114,42,122,25,27,147,105,50,44,4,107,96,125
90,123,34,0,138,121,116,185,100,46,156,17,21,165,138,75,11,38,134,130,159
75,23,120,138,0,125,132,132,116,93,133,121,145,27,146,70,142,118,43,131,142
59,102,87,121,125,0,11,71,185,112,36,111,108,147,22,80,132,83,86,9,38
62,109,83,116,132,11,0,80,185,111,44,107,102,155,22,82,127,79,94,15,44
101,116,151,185,132,71,80,0,226,163,37,172,175,144,69,124,195,147,90,65,42
129,119,114,100,116,185,185,226,0,75,211,93,120,131,206,105,94,117,143,194,217
62,81,42,46,93,112,111,163,75,0,142,30,58,119,133,40,49,43,97,121,147
82,113,122,156,133,36,44,37,211,142,0,145,144,151,32,106,166,118,90,29,9
74,106,25,17,121,111,107,172,93,30,145,0,29,147,130,58,24,28,117,120,148
87,127,27,21,145,108,102,175,120,58,144,29,0,172,123,77,30,31,135,116,146
101,49,147,165,27,147,155,144,131,119,151,147,172,0,167,98,168,145,62,153,160
81,123,105,138,146,22,22,69,206,133,32,130,123,167,0,102,149,101,105,14,28
24,51,50,75,70,80,82,124,105,40,106,58,77,98,102,0,81,48,60,89,112
98,128,44,11,142,132,127,195,94,49,166,24,30,168,149,81,0,48,141,140,169
56,99,4,38,118,83,79,147,117,43,118,28,31,145,101,48,48,0,104,92,121
50,26,107,134,43,86,94,90,143,97,90,117,135,62,105,60,141,104,0,91,99
67,109,96,130,131,9,15,65,194,121,29,120,116,153,14,89,140,92,91,0,29
88,121,125,159,142,38,44,42,217,147,9,148,146,160,28,112,169,121,99,29,0

The weight of orders:
15,11,20,12,10,13,18,13,12,13,13,14,17,11,15,17,15,11,10,14

The unit tardiness penalty of orders:

6,8,8,8,6,10,8,9,10,7,6,6,8,7,7,8,9,6,10,7

The due date of orders:
346,307,278,284,336,508,458,558,379,376,509,584,355,592,88,505,280,247,190,545

the loading and unloading time of each order:
4,3,5,3,3,3,5,3,3,3,3,4,4,3,4,4,4,3,3,4

The sequence dependent setup time of each job processed on machine 1.
(Where rows denote jobs: 1 to 20 and columns denote jobs: 0 to 20.For example:The value of Sijk is in row j,column i+1.)
14,11,10,16,11,13,18,18,10,14,14,13,10,20,14,13,16,13,16,15
19,13,12,16,18,10,17,20,10,16,11,10,12,14,13,12,13,16,15,15
14,11,15,12,13,14,18,17,19,13,18,17,20,16,20,15,12,16,20,11
15,16,18,19,12,11,12,13,14,14,18,13,19,11,14,12,10,19,12,16
11,17,13,11,18,16,20,11,20,12,18,18,20,13,18,19,12,14,11,16
16,13,13,14,15,11,14,16,11,15,12,12,17,14,19,12,15,17,18,19
12,10,18,15,19,20,20,16,10,11,12,14,11,12,19,14,12,11,20,17
13,17,12,13,14,13,17,16,20,12,16,20,11,20,19,12,11,11,10,20
15,19,14,12,20,13,10,11,11,19,18,10,13,14,14,12,14,17,20,18
19,20,12,20,19,15,13,10,19,19,10,12,11,20,10,15,20,12,12,17
19,10,15,11,13,19,16,14,12,13,14,12,19,18,14,13,10,20,13,13
15,12,11,12,15,10,12,14,17,17,15,19,20,14,16,10,16,11,11,12
11,15,10,18,17,15,12,16,12,12,16,13,10,17,12,18,20,19,17,19
14,17,18,12,17,11,14,19,15,16,15,15,13,11,19,10,15,17,14,13
14,12,15,15,18,20,20,17,10,14,18,20,19,13,17,13,19,15,15,13
12,12,12,15,12,11,10,14,13,18,20,12,11,10,17,11,14,11,11,12
16,20,15,13,16,18,12,19,18,11,11,17,11,12,17,18,10,13,18,17
14,10,14,20,11,15,17,17,11,13,20,17,10,16,14,12,13,19,11,14
15,19,15,14,10,20,10,20,15,16,10,18,12,20,18,10,11,11,13,10
13,13,10,17,12,20,17,18,14,13,15,17,10,20,13,19,14,18,14,15
13,13,17,12,18,14,17,19,11,11,12,12,19,19,12,20,18,11,19,15

The sequence dependent setup time of each job processed on machine 2.
(Where rows denote jobs: 1 to 20 and columns denote jobs: 0 to 20.For example:The value of Sijk is in row j,column i+1.)
14,10,12,10,12,16,19,10,10,20,17,13,16,15,15,10,20,12,10,15
12,18,14,18,17,19,13,13,18,16,10,14,14,18,11,20,17,11,15,16
10,16,14,12,20,11,14,10,18,11,15,11,15,16,14,17,20,17,12,13
20,10,19,12,11,12,12,12,19,18,16,17,16,17,14,15,13,17,16,18
20,15,12,10,17,16,12,13,14,10,14,11,14,18,19,13,12,18,13,14
10,16,19,14,17,17,12,17,17,10,12,15,10,11,15,20,19,13,14,20
12,10,16,20,14,13,19,17,18,11,16,18,19,11,14,20,16,19,19,13
20,18,15,17,12,15,15,20,16,18,10,11,20,12,13,20,17,18,17,19
18,18,20,14,19,19,19,20,15,19,14,15,15,20,11,17,18,15,12,11
14,16,15,20,17,19,18,11,18,12,15,20,10,15,15,12,11,17,18,10
15,10,11,11,16,13,15,10,15,16,16,14,15,18,10,17,16,20,19,15
18,12,10,19,12,19,17,20,19,18,14,12,10,14,14,10,13,10,14,15
16,14,19,18,12,13,18,12,12,16,17,16,11,15,11,11,13,20,14,14
10,14,10,12,15,20,12,18,19,18,16,18,20,19,14,20,19,18,13,17
13,17,17,10,12,19,18,16,17,11,19,18,17,18,17,13,13,16,15,20
19,10,13,12,14,16,12,12,20,14,17,17,12,18,20,13,11,10,14,13
16,14,20,17,13,17,12,20,15,15,13,18,18,10,12,13,11,16,20,20
16,17,11,18,17,13,14,11,11,11,11,17,17,20,19,19,11,10,10,14
14,14,19,10,16,13,14,15,14,14,10,11,19,20,16,20,12,16,13,19
19,17,10,19,13,17,15,10,17,13,10,14,10,15,15,20,19,19,12,18
19,12,19,16,10,20,16,14,13,14,15,13,11,14,10,15,19,11,19,18

The sequence dependent setup time of each job processed on machine 3.
(Where rows denote jobs: 1 to 20 and columns denote jobs: 0 to 20.For example:The value of Sijk is in row j,column i+1.)
13,14,10,15,10,15,18,13,14,18,14,20,19,17,10,17,13,10,18,10
11,12,11,20,13,19,17,19,20,14,11,18,11,15,20,12,20,20,16,18
18,10,12,10,18,10,17,10,16,10,19,15,13,15,16,19,19,10,10,16
18,14,12,18,19,13,12,14,19,14,18,18,20,11,11,17,14,19,18,16
14,11,12,14,15,17,14,15,10,12,17,16,14,16,16,16,18,16,20,12
19,12,11,16,13,18,13,14,20,11,13,19,12,14,15,17,20,12,18,13
13,11,13,16,18,12,20,18,19,19,16,15,10,18,13,17,14,17,12,13
19,14,19,14,15,14,15,17,10,16,15,19,10,20,18,15,20,13,12,20
11,18,19,15,18,15,12,12,10,11,20,11,16,16,10,10,10,14,10,20
20,17,12,13,19,10,19,11,11,17,11,16,19,18,19,17,10,16,16,10
15,18,12,18,13,15,20,12,19,13,12,15,16,13,19,16,13,16,14,11
11,11,17,13,19,20,16,15,19,12,18,20,20,13,10,11,13,16,18,16
13,14,13,13,13,11,10,13,12,20,20,16,18,11,13,10,10,19,17,20
20,20,17,13,10,12,14,13,11,12,12,12,13,18,19,15,15,14,20,20
17,18,13,16,16,19,13,20,10,18,12,12,14,10,11,11,16,10,16,11
18,17,10,14,18,17,13,10,16,16,19,17,14,14,18,10,10,19,15,17
19,15,12,12,17,11,15,10,10,14,13,19,12,18,13,18,10,17,15,19
20,10,12,13,10,20,14,16,19,17,18,11,15,15,10,19,20,13,13,10
12,15,15,15,11,11,14,15,17,10,18,19,19,16,20,20,11,14,16,15
12,17,13,18,11,15,10,16,14,15,16,15,10,11,15,17,14,10,10,13
13,14,15,11,16,18,13,12,14,15,20,20,19,11,11,14,16,17,10,17

